-19.96 9.161205398329882e-271
-19.92 2.1778795538906657e-269
-19.88 5.129922596210468e-268
-19.84 1.1993361234612427e-266
-19.8 2.783049390799343e-265
-19.76 6.409825361948518e-264
-19.72 1.4652514088621328e-262
-19.68 3.3244066813729386e-261
-19.64 7.48596122650029e-260
-19.6 1.6730457091937133e-258
-19.56 3.710993747991359e-257
-19.52 8.169400690841712e-256
-19.48 1.7848556831279458e-254
-19.44 3.8701190306820644e-253
-19.4 8.328163050679382e-252
-19.36 1.7785790375224318e-250
-19.32 3.7695676788758124e-249
-19.28 7.928658607538252e-248
-19.24 1.654981187536648e-246
-19.2 3.4282062817934345e-245
-19.16 7.04720241294768e-244
-19.12 1.437599232739208e-242
-19.08 2.9102183843548238e-241
-19.04 5.846222807711525e-240
-19.0 1.1654202414901818e-238
-18.96 2.3053800911778476e-237
-18.92 4.525334490255655e-236
-18.88 8.814595315606946e-235
-18.84 1.703699507926995e-233
-18.8 3.2675175438145116e-232
-18.76 6.218312652362162e-231
-18.72 1.1742275474269149e-229
-18.68 2.2001508071037452e-228
-18.64 4.0904256584441934e-227
-18.6 7.545635509499754e-226
-18.56 1.3811148871879981e-224
-18.52 2.508221339879921e-223
-18.48 4.519593605791456e-222
-18.44 8.080268620041417e-221
-18.4 1.4333112610663594e-219
-18.36 2.5225451485551913e-218
-18.32 4.404701961679526e-217
-18.28 7.630775583110613e-216
-18.24 1.3115680931004194e-214
-18.2 2.2365491772872502e-213
-18.16 3.78378937556743e-212
-18.12 6.350849169665941e-211
-18.08 1.0575196463647817e-209
-18.04 1.7469977853770781e-208
-18.0 2.86311636309968e-207
-17.96 4.6550446960406605e-206
-17.92 7.5083136700193475e-205
-17.88 1.2014069716765789e-203
-17.84 1.9070521774277873e-202
-17.8 3.0029990772399446e-201
-17.759999999999998 4.690979480955595e-200
-17.72 7.269141183603302e-199
-17.68 1.1174020001743097e-197
-17.64 1.7038764392022726e-196
-17.6 2.5772978774181835e-195
-17.56 3.8670925150299236e-194
-17.52 5.755638490711322e-193
-17.48 8.497419080675583e-192
-17.44 1.2444021245277299e-190
-17.4 1.807632879588613e-189
-17.36 2.604540524704409e-188
-17.32 3.722365658125987e-187
-17.28 5.27678760497215e-186
-17.24 7.419566216580602e-185
-17.2 1.034764217920818e-183
-17.16 1.4313767375866276e-182
-17.12 1.9638660617840242e-181
-17.08 2.6724576967308813e-180
-17.04 3.6070037899313466e-179
-17.0 4.8285293809360724e-178
-16.96 6.410788202172671e-177
-16.92 8.441740863917686e-176
-16.88 1.1024843225515142e-174
-16.84 1.4280007806305663e-173
-16.8 1.8344078411224405e-172
-16.759999999999998 2.337064043371106e-171
-16.72 2.9528979641022325e-170
-16.68 3.7002003926062047e-169
-16.64 4.598295871714053e-168
-16.6 5.667080021578696e-167
-16.56 6.926414326574383e-166
-16.52 8.395377303622083e-165
-16.48 1.0091380073094496e-163
-16.44 1.2029165010648877e-162
-16.4 1.4219717841685706e-161
-16.36 1.6669135506826356e-160
-16.32 1.9377503446916157e-159
-16.28 2.233784556664883e-158
-16.24 2.5535216920957137e-157
-16.2 2.89460120602663e-156
-16.16 3.2537560065803653e-155
-16.12 3.6268069982512624e-154
-16.08 4.008697738219063e-153
-16.04 4.393572440261423e-152
-16.0 4.7748982565118106e-151
-15.96 5.145630124017497e-150
-15.92 5.4984136526279075e-149
-15.879999999999999 5.825818758670575e-148
-15.84 6.120594237957308e-147
-15.8 6.375931442231616e-146
-15.76 6.585723871674356e-145
-15.719999999999999 6.744808974448762e-144
-15.68 6.849178842304982e-143
-15.64 6.896147824423164e-142
-15.6 6.884467285746454e-141
-15.559999999999999 6.814380669857503e-140
-15.52 6.6876154824875716e-139
-15.48 6.507312533967302e-138
-15.44 6.277896485802794e-137
-15.399999999999999 6.004895157025649e-136
-15.36 5.694717905413962e-135
-15.32 5.354405502185948e-134
-15.280000000000001 4.991365129006434e-133
-15.24 4.613104384204862e-132
-15.2 4.226977513148544e-131
-15.16 3.839955573537537e-130
-15.120000000000001 3.4584300707255525e-129
-15.08 3.0880569565339106e-128
-15.04 2.7336450062614816e-127
-15.0 2.399089702687971e-126
-14.96 2.0873510733678664e-125
-14.92 1.800471622605419e-124
-14.879999999999999 1.5396286981939993e-123
-14.84 1.305214407133831e-122
-14.8 1.0969355616342826e-121
-14.76 9.139260650261655e-121
-14.719999999999999 7.548645648681121e-120
-14.68 6.180910071960884e-119
-14.64 5.017168055126945e-118
-14.6 4.037245713845404e-117
-14.559999999999999 3.2205462848078037e-116
-14.52 2.546767523695893e-115
-14.48 1.9964666943535616e-114
-14.44 1.5514775868390166e-113
-14.399999999999999 1.1951910239601565e-112
-14.36 9.127151936797153e-112
-14.32 6.909349922930528e-111
-14.280000000000001 5.184906242350997e-110
-14.24 3.8569530413667677e-109
-14.2 2.84410407310472e-108
-14.16 2.078941765628476e-107
-14.120000000000001 1.5063744558472395e-106
-14.08 1.0819706125584797e-105
-14.04 7.703499742218515e-105
-14.0 5.4368706534430634e-104
-13.96 3.803614932452956e-103
-13.92 2.637722175154768e-102
-13.879999999999999 1.8131967371725505e-101
-13.84 1.23549970264228e-100
-13.8 8.344892085211156e-100
-13.76 5.5869881857877e-99
-13.719999999999999 3.707766494917906e-98
-13.68 2.439064582918952e-97
-13.64 1.5904107229513277e-96
-13.6 1.027943378336527e-95
-13.559999999999999 6.585699187686128e-95
-13.52 4.182214891448856e-94
-13.48 2.632580019151893e-93
-13.44 1.6425806023439456e-92
-13.399999999999999 1.0158762979246498e-91
-13.36 6.227635957251985e-91
-13.32 3.784191889213574e-90
-13.280000000000001 2.2792396230051755e-89
-13.24 1.3607337391016505e-88
-13.2 8.052340848313234e-88
-13.16 4.72320228040156e-87
-13.120000000000001 2.7460976738490534e-86
-13.08 1.5825599344970378e-85
-13.04 9.040009551178385e-85
-13.0 5.118491742709422e-84
-12.96 2.872628415143093e-83
-12.92 1.5980163990035156e-82
-12.879999999999999 8.811450967824428e-82
-12.84 4.815908227511096e-81
-12.8 2.608998251266342e-80
-12.76 1.400988270314483e-79
-12.719999999999999 7.456941354466882e-79
-12.68 3.934168381506601e-78
-12.64 2.057366659901229e-77
-12.6 1.0664429316991271e-76
-12.559999999999999 5.4793800264448146e-76
-12.52 2.790576272930724e-75
-12.48 1.4087240221163394e-74
-12.44 7.04901524712645e-74
-12.399999999999999 3.4962503892476114e-73
-12.36 1.7188947291072582e-72
-12.32 8.376641272215714e-72
-12.280000000000001 4.046371345202944e-71
-12.24 1.937483979707205e-70
-12.2 9.195779259951679e-70
-12.16 4.3263190695978144e-69
-12.120000000000001 2.01757547189079e-68
-12.08 9.326613975052923e-68
-12.04 4.2736898922414573e-67
-12.0 1.9411929852187195e-66
-11.959999999999999 8.740235355015269e-66
-11.92 3.9009316569714365e-65
-11.879999999999999 1.7258638868960003e-64
-11.84 7.569026115764356e-64
-11.8 3.2905697316528027e-63
-11.76 1.4180850836206344e-62
-11.72 6.058095724142128e-62
-11.68 2.5655192456839238e-61
-11.64 1.0770167837727742e-60
-11.6 4.482089815331994e-60
-11.56 1.8490662205097186e-59
-11.52 7.562079405692693e-59
-11.48 3.0658435571676794e-58
-11.44 1.2322021475228572e-57
-11.4 4.909536253760697e-57
-11.36 1.9392283077923715e-56
-11.32 7.593655560786749e-56
-11.28 2.94788099253745e-55
-11.24 1.1345138936988956e-54
-11.2 4.3286685050343755e-54
-11.16 1.6373721286133777e-53
-11.12 6.140348680872615e-53
-11.08 2.2829445707418913e-52
-11.04 8.415087095927493e-52
-11.0 3.0752972500610314e-51
-10.959999999999999 1.1142566754800215e-50
-10.92 4.0027417875996954e-50
-10.879999999999999 1.4256362166222564e-49
-10.84 5.034350035668649e-49
-10.799999999999999 1.7626515836817155e-48
-10.76 6.119033871313992e-48
-10.72 2.106190228349124e-47
-10.68 7.188128430595592e-47
-10.64 2.4324437615778006e-46
-10.6 8.161761220254109e-46
-10.56 2.7154669038355934e-45
-10.52 8.958395972463442e-45
-10.48 2.9305340502931067e-44
-10.44 9.506044294781548e-44
-10.4 3.0577030999328873e-43
-10.36 9.75302168503676e-43
-10.32 3.084874819421222e-42
-10.28 9.676015797908166e-42
-10.24 3.0096954547978646e-41
-10.2 9.283717029538365e-41
-10.16 2.8398872526731996e-40
-10.12 8.615227928605818e-40
-10.08 2.591944084473759e-39
-10.04 7.733649513260152e-39
-10.0 2.2884965828966755e-38
-9.959999999999999 6.716298707271776e-38
-9.92 1.9549282551751853e-37
-9.879999999999999 5.643648637895632e-37
-9.84 1.6159383115192087e-36
-9.799999999999999 4.5891547260091645e-36
-9.76 1.2926807682988887e-35
-9.72 3.611671108233515e-35
-9.68 1.0009011360881208e-34
-9.64 2.7513643954788484e-34
-9.6 7.502170923564441e-34
-9.56 2.0291575953424627e-33
-9.52 5.4443088888363724e-33
-9.48 1.4490259726492058e-32
-9.44 3.82581878712209e-32
-9.4 1.0020650531756586e-31
-9.36 2.603750206669029e-31
-9.32 6.711866115242957e-31
-9.28 1.716471538701474e-30
-9.24 4.355000128198396e-30
-9.2 1.0962433485184274e-29
-9.16 2.7378023674424594e-29
-9.12 6.783951478566002e-29
-9.08 1.667854559757622e-28
-9.04 4.068532739672737e-28
-9.0 9.847616722050317e-28
-8.959999999999999 2.3650903143769844e-27
-8.92 5.636341223048524e-27
-8.879999999999999 1.332875431895316e-26
-8.84 3.127767522706609e-26
-8.799999999999999 7.283530815151214e-26
-8.76 1.6831472948713564e-25
-8.72 3.8599805623389606e-25
-8.68 8.784988701520897e-25
-8.64 1.984269920910723e-24
-8.6 4.448096430994739e-24
-8.56 9.89628253173028e-24
-8.52 2.1852697860441102e-23
-8.48 4.789430211208818e-23
-8.44 1.0418837645781542e-22
-8.4 2.2496877115050177e-22
-8.36 4.821739543735812e-22
-8.32 1.0258288186582123e-21
-8.28 2.166440973272297e-21
-8.24 4.5418303846949734e-21
-8.2 9.452319730413346e-21
-8.16 1.9529034831633734e-20
-8.12 4.0056183716186785e-20
-8.08 8.156735678116301e-20
-8.04 1.6490466291207017e-19
-8.0 3.3100228757486796e-19
-7.959999999999999 6.596634680514588e-19
-7.92 1.3053266396606662e-18
-7.879999999999999 2.564680857203555e-18
-7.84 5.003534899747101e-18
-7.799999999999999 9.693089086079587e-18
-7.76 1.864667562931129e-17
-7.719999999999999 3.562106673212145e-17
-7.68 6.757579275465245e-17
-7.640000000000001 1.273111990488832e-16
-7.6 2.3820226280409507e-16
-7.5600000000000005 4.4263080153603215e-16
-7.52 8.168956648722957e-16
-7.48 1.4973853148738757e-15
-7.4399999999999995 2.726185787325694e-15
-7.4 4.9299803180419814e-15
-7.359999999999999 8.855555407467422e-15
-7.32 1.5800848341018443e-14
-7.279999999999999 2.800606890967476e-14
-7.24 4.93110541552852e-14
-7.199999999999999 8.62521861103326e-14
-7.16 1.4987976362251075e-13
-7.119999999999999 2.587476362374026e-13
-7.08 4.4379641692200773e-13
-7.039999999999999 7.562733064127309e-13
-7.0 1.28048638885022e-12
-6.959999999999999 2.1542002598366057e-12
-6.92 3.6010226667778823e-12
-6.879999999999999 5.981472801370486e-12
-6.84 9.872946619100652e-12
-6.799999999999999 1.6194060900464933e-11
-6.76 2.639666571489031e-11
-6.719999999999999 4.2760301901358e-11
-6.68 6.884064915040629e-11
-6.640000000000001 1.1014780061766966e-10
-6.6 1.7516511222461577e-10
-6.5600000000000005 2.76869163096925e-10
-6.52 4.3498181188790024e-10
-6.48 6.792842330018897e-10
-6.4399999999999995 1.0544605626474593e-9
-6.4 1.6271291153765413e-9
-6.359999999999999 2.495980024804555e-9
-6.32 3.8062929065553826e-9
-6.279999999999999 5.770586595970454e-9
-6.24 8.69779305298901e-9
-6.199999999999999 1.3034196667086001e-8
-6.16 1.9420497362722428e-8
-6.119999999999999 2.877081330321273e-8
-6.08 4.2381323971748074e-8
-6.039999999999999 6.207867123846716e-8
-6.0 9.0421307363392e-8
-5.959999999999999 1.309708467829742e-7
-5.92 1.8865530464118238e-7
-5.879999999999999 2.702520697684341e-7
-5.84 3.850257600412712e-7
-5.799999999999999 5.455649528951495e-7
-5.76 7.688723881136345e-7
-5.719999999999999 1.077775815327884e-6
-5.68 1.5027414005350481e-6
-5.640000000000001 2.08418867825499e-6
-5.6 2.8754255512201922e-6
-5.5600000000000005 3.946343835540594e-6
-5.52 5.388040262228203e-6
-5.48 7.318554480194857e-6
-5.4399999999999995 9.889944101694327e-6
-5.4 1.3296946631653459e-5
-5.359999999999999 1.778750844041955e-5
-5.32 2.3675490728322052e-5
-5.279999999999999 3.135589035903942e-5
-5.24 4.1322937875636266e-5
-5.199999999999999 5.4191454021898206e-5
-5.16 7.072185744116679e-5
-5.119999999999999 9.184921741794557e-5
-5.08 0.00011871673385008368
-5.039999999999999 0.00015271399923369791
-5.0 0.00019552035140609986
-4.959999999999999 0.0002491535582989534
-4.92 0.0003160239844061489
-4.879999999999999 0.00039899427086599306
-4.84 0.0005014444153758854
-4.799999999999999 0.0006273419637608675
-4.76 0.0007813168220468205
-4.719999999999999 0.0009687399676579794
-4.68 0.0011958050835241519
-4.640000000000001 0.0014696118635863333
-4.6 0.0017982494481493493
-4.5600000000000005 0.0021908781500801044
-4.52 0.0026578073369061964
-4.48 0.003210567049819377
-4.4399999999999995 0.003861970680095373
-4.4 0.004626165799162309
-4.359999999999999 0.005518670063766454
-4.32 0.006556389005854792
-4.279999999999999 0.007757612481041189
-4.24 0.009141986602062899
-4.199999999999999 0.010730458135183947
-4.16 0.012545188596669256
-4.119999999999999 0.014609435659156102
-4.08 0.016947399966668948
-4.039999999999999 0.01958403606114272
-4.0 0.022544826837545395
-3.960000000000001 0.02585552175960509
-3.919999999999998 0.029541839969886373
-3.879999999999999 0.03362914039825251
-3.84 0.03814206198909458
-3.8000000000000007 0.043104138203740656
-3.759999999999998 0.04853739098045136
-3.719999999999999 0.05446191031795997
-3.6799999999999997 0.060895426555383735
-3.6400000000000006 0.06785288321640406
-3.6000000000000014 0.07534601893406433
-3.5599999999999987 0.08338296744105014
-3.5199999999999996 0.09196788486850974
-3.4800000000000004 0.10110061361825848
-3.4400000000000013 0.11077639183839859
-3.3999999999999986 0.12098561702799913
-3.3599999999999994 0.1317136715182477
-3.3200000000000003 0.14294081653091362
-3.280000000000001 0.15464216021620955
-3.2399999999999984 0.166787703548458
-3.1999999999999993 0.17934246624764916
-3.16 0.19226669304651803
-3.120000000000001 0.20551613869371038
-3.0799999999999983 0.21904242813821714
-3.039999999999999 0.23279348644712844
-3.0 0.24671403123738517
-2.960000000000001 0.2607461188196154
-2.919999999999998 0.2748297339192504
-2.879999999999999 0.2889034118081979
-2.84 0.30290488098815255
-2.8000000000000007 0.3167717142379274
-2.759999999999998 0.3304419758794266
-2.719999999999999 0.343854853520783
-2.6799999999999997 0.35695126327537335
-2.6400000000000006 0.3696744184921493
-2.599999999999998 0.38197035331460644
-2.5599999999999987 0.3937883938526439
-2.5199999999999996 0.40508157133888534
-2.4800000000000004 0.4158069732826756
-2.4400000000000013 0.42592603026776876
-2.3999999999999986 0.4354047376057888
-2.3599999999999994 0.4442138125074986
-2.3200000000000003 0.4523287887282657
-2.280000000000001 0.45973005175421233
-2.2399999999999984 0.4664028185042243
-2.1999999999999993 0.4723370662234708
-2.16 0.4775274157394506
-2.120000000000001 0.4819729745530027
-2.0799999999999983 0.48567714536170925
-2.039999999999999 0.488647405583998
-2.0 0.4908950632938132
-1.9600000000000009 0.49243499471420876
-1.9199999999999982 0.4932853680792475
-1.879999999999999 0.49346735828143035
-1.8399999999999999 0.4930048562984882
-1.8000000000000007 0.49192417695747287
-1.759999999999998 0.49025376816148386
-1.7199999999999989 0.48802392428717095
-1.6799999999999997 0.48526650606840943
-1.6400000000000006 0.4820146689192048
-1.5999999999999979 0.4783026013202885
-1.5599999999999987 0.47416527460006497
-1.5199999999999996 0.46963820518086347
-1.4800000000000004 0.46475723013384873
-1.4400000000000013 0.4595582966873539
-1.3999999999999986 0.45407726616041416
-1.3599999999999994 0.44834973264206657
-1.3200000000000003 0.4424108566038745
-1.2800000000000011 0.43629521351464384
-1.2399999999999984 0.4300366574194271
-1.1999999999999993 0.4236681993469977
-1.1600000000000001 0.41722190031915546
-1.120000000000001 0.41072877864984475
-1.0799999999999983 0.4042187311413964
-1.0399999999999991 0.39772046770855746
-1.0 0.3912614588884989
-0.9600000000000009 0.3848678956267346
-0.9199999999999982 0.3785646606655037
-0.879999999999999 0.3723753108031787
-0.8399999999999999 0.36632206924142874
-0.8000000000000007 0.36042582719187216
-0.759999999999998 0.3547061538764331
-0.7199999999999989 0.34918131402613056
-0.6799999999999997 0.34386829196194846
-0.6400000000000006 0.33878282132899723
-0.5999999999999979 0.3339394195514569
-0.5599999999999987 0.32935142608068413
-0.5199999999999996 0.3250310435220987
-0.4800000000000004 0.3209893807476492
-0.4400000000000013 0.31723649712927343
-0.3999999999999986 0.3137814470642412
-0.35999999999999943 0.3106323240048697
-0.3200000000000003 0.30779630325221846
-0.28000000000000114 0.30527968282522433
-0.23999999999999844 0.3030879217726791
-0.1999999999999993 0.30122567535481565
-0.16000000000000014 0.2996968265834343
-0.120000000000001 0.29850451367393355
-0.0799999999999983 0.29765115302882766
-0.03999999999999915 0.2971384574399062
0.0 0.2969674492647845
0.03999999999999915 0.2971384684029117
0.08000000000000185 0.29765117496589394
0.120000000000001 0.29850454660705006
0.16000000000000014 0.29969687054529087
0.1999999999999993 0.301225730388445
0.240000000000002 0.303087987930984
0.28000000000000114 0.30527976017038555
0.3200000000000003 0.3077963918549811
0.35999999999999943 0.31063242394371476
0.40000000000000213 0.3137815584244362
0.4400000000000013 0.3172366200018068
0.4800000000000004 0.320989515228046
0.5199999999999996 0.3250311897091225
0.5599999999999987 0.3293515840749238
0.6000000000000014 0.33393958945380275
0.6400000000000006 0.3387830032390101
0.6799999999999997 0.3438684859761228
0.7199999999999989 0.34918152023606114
0.7600000000000016 0.35470637236688635
0.8000000000000007 0.36042605803877276
0.8399999999999999 0.3663223125097702
0.879999999999999 0.3723755665448666
0.9200000000000017 0.37856492891714216
0.9600000000000009 0.3848681764073671
1.0 0.3912617521973227
1.0399999999999991 0.3977207735226217
1.0800000000000018 0.40421904941330195
1.120000000000001 0.4107291093054687
1.1600000000000001 0.4172222432554098
1.1999999999999993 0.4236685544296578
1.240000000000002 0.4300370244810333
1.2800000000000011 0.4362955923525223
1.3200000000000003 0.4424112469782784
1.3599999999999994 0.4483501342744794
1.4000000000000021 0.45407767873203175
1.4400000000000013 0.45955871983777746
1.4800000000000004 0.46475766346000413
1.5199999999999996 0.4696386482361843
1.5599999999999987 0.4741657268939543
1.6000000000000014 0.47830306231789205
1.6400000000000006 0.48201513804150564
1.6799999999999997 0.4852669826926826
1.7199999999999989 0.4880244077477972
1.7600000000000016 0.4902542577511529
1.8000000000000007 0.4919246719287869
1.8399999999999999 0.4930053558659668
1.879999999999999 0.4934678616239309
1.9200000000000017 0.4932858743428057
1.9600000000000009 0.4924355030152875
2.0 0.4908955727229553
2.039999999999999 0.48864791520987483
2.080000000000002 0.4856776542355357
2.120000000000001 0.4819734817133055
2.16 0.477527920217152
2.1999999999999993 0.47233756704724894
2.240000000000002 0.4664033147061174
2.280000000000001 0.4597305423754043
2.3200000000000003 0.452329272825007
2.3599999999999994 0.44421428915710015
2.400000000000002 0.4354052059126238
2.4400000000000013 0.4259264893692192
2.4800000000000004 0.4158074223549393
2.5199999999999996 0.405082009602588
2.5599999999999987 0.3937888205781636
2.6000000000000014 0.38197076782705175
2.6400000000000006 0.3696748201759198
2.6799999999999997 0.3569516515782166
2.719999999999999 0.34385522795731355
2.7600000000000016 0.3304423360340269
2.8000000000000007 0.3167720597670006
2.84 0.3029052116216752
2.879999999999999 0.28890372735055614
2.9200000000000017 0.27483003424933955
2.960000000000001 0.2607464038901949
3.0 0.24671430107370515
3.039999999999999 0.23279374114484436
3.080000000000002 0.2190426678606263
3.120000000000001 0.2055163636683556
3.16 0.19226690356121534
3.1999999999999993 0.17934266264600338
3.240000000000002 0.1667878862249397
3.280000000000001 0.1546423296108713
3.3200000000000003 0.1429409731238339
3.3599999999999994 0.1317138158237841
3.400000000000002 0.12098574958894046
3.4400000000000013 0.11077651322010101
3.4800000000000004 0.10110072440285026
3.5199999999999996 0.09196798564924093
3.5599999999999987 0.08338305881685887
3.6000000000000014 0.07534610150442722
3.6400000000000006 0.06785295757652442
3.6799999999999997 0.060895493291764136
3.719999999999999 0.05446197000439916
3.7600000000000016 0.04853744417449039
3.8000000000000007 0.04310418544357699
3.84 0.03814210379097164
3.879999999999999 0.033629177254324835
3.9200000000000017 0.029541872346549366
3.960000000000001 0.0258555500962737
4.0 0.02254485154585809
4.039999999999999 0.01958405752456162
4.080000000000002 0.016947418540443064
4.120000000000001 0.01460945167061094
4.16 0.012545202345784361
4.199999999999999 0.010730469895417856
4.240000000000002 0.009141996621385887
4.280000000000001 0.0077576209831360975
4.32 0.0065563961914480535
4.359999999999999 0.005518676112053339
4.400000000000002 0.004626170869293181
4.440000000000001 0.0038619749126928035
4.48 0.003210570568499173
4.52 0.0026578102497789116
4.560000000000002 0.0021908805512132383
4.600000000000001 0.0017982514189738565
4.640000000000001 0.0014696134742344508
4.68 0.001195806394088703
4.719999999999999 0.0009687410293663474
4.760000000000002 0.0007813176783453487
4.800000000000001 0.0006273426513078217
4.84 0.0005014449649431083
4.879999999999999 0.0003989947081510975
4.920000000000002 0.00031602433075844237
4.960000000000001 0.00024915383136337463
5.0 0.00019552056569022204
5.039999999999999 0.0001527141666034117
5.080000000000002 0.00011871686395986983
5.120000000000001 9.18493180817834e-5
5.16 7.072193495008612e-5
5.199999999999999 5.419151341401823e-5
5.240000000000002 4.132298316426952e-5
5.280000000000001 3.135592472410372e-5
5.32 2.3675516675911253e-5
5.359999999999999 1.7787527934966367e-5
5.400000000000002 1.3296961204686501e-5
5.440000000000001 9.889954940760319e-6
5.48 7.318562501099132e-6
5.52 5.388046167349934e-6
5.560000000000002 3.9463481606086305e-6
5.600000000000001 2.8754287025956604e-6
5.640000000000001 2.0841909624598647e-6
5.68 1.5027430474920965e-6
5.719999999999999 1.0777769965360906e-6
5.760000000000002 7.688732307734546e-7
5.800000000000001 5.455655508170836e-7
5.84 3.850261820173277e-7
5.879999999999999 2.702523659561559e-7
5.920000000000002 1.8865551140143058e-7
5.960000000000001 1.3097099032288076e-7
6.0 9.042140646228535e-8
6.039999999999999 6.207873927472752e-8
6.080000000000002 4.2381370420338776e-8
6.120000000000001 2.8770844835114145e-8
6.16 1.9420518646973272e-8
6.199999999999999 1.3034210952153257e-8
6.240000000000002 8.697802585495075e-9
6.280000000000001 5.77059292035083e-9
6.32 3.80629707813201e-9
6.359999999999999 2.495982760319713e-9
6.400000000000002 1.6271308986585836e-9
6.440000000000001 1.0544617183028821e-9
6.48 6.792849774759222e-10
6.52 4.349822886142072e-10
6.560000000000002 2.7686946653676963e-10
6.600000000000001 1.7516530420003766e-10
6.640000000000001 1.1014792133617488e-10
6.68 6.884072459758003e-11
6.719999999999999 4.2760348765296184e-11
6.760000000000002 2.6396694644800905e-11
6.800000000000001 1.6194078648643422e-11
6.84 9.872957439537815e-12
6.879999999999999 5.9814793568754535e-12
6.920000000000002 3.601026613384818e-12
6.960000000000001 2.1542026207719428e-12
7.0 1.280487792222794e-12
7.039999999999999 7.562741352643512e-13
7.080000000000002 4.4379690330884187e-13
7.120000000000001 2.5874791981662683e-13
7.16 1.4987992788599084e-13
7.199999999999999 8.625228064000013e-14
7.240000000000002 4.9311108198640656e-14
7.280000000000001 2.800609960344039e-14
7.32 1.5800865658248424e-14
7.359999999999999 8.855565112876026e-15
7.400000000000002 4.9299857211444654e-15
7.440000000000001 2.7261887751390806e-15
7.48 1.4973869559608156e-15
7.52 8.168965601641033e-16
7.560000000000002 4.426312866453889e-16
7.600000000000001 2.3820252386623973e-16
7.640000000000001 1.273113385779302e-16
7.68 6.757586681558383e-17
7.719999999999999 3.5621105771683784e-17
7.760000000000002 1.8646696065477914e-17
7.800000000000001 9.69309970939858e-18
7.84 5.003540383463055e-18
7.879999999999999 2.5646836680126416e-18
7.920000000000002 1.3053280702573677e-18
7.960000000000001 6.596641910217515e-19
8.0 3.310026503429042e-19
8.04 1.6490484364236404e-19
8.080000000000002 8.156744617640536e-20
8.120000000000001 4.0056227616496704e-20
8.16 1.9529056234837944e-20
8.2 9.452330089856636e-21
8.240000000000002 4.541835362397336e-21
8.280000000000001 2.1664433476230413e-21
8.32 1.0258299429341293e-21
8.36 4.821744828209746e-22
8.400000000000002 2.249690177091548e-22
8.440000000000001 1.0418849064497856e-22
8.48 4.789435460272755e-23
8.52 2.1852721810306368e-23
8.560000000000002 9.896293377742741e-24
8.600000000000001 4.4481013059676546e-24
8.64 1.9842720956077533e-24
8.68 8.784998329590484e-25
8.719999999999999 3.859984792755504e-25
8.760000000000002 1.683149139547528e-25
8.8 7.283538797670482e-26
8.84 3.1277709506408363e-26
8.879999999999999 1.332876892684614e-26
8.920000000000002 5.636347400300154e-27
8.96 2.3650929064411313e-27
9.0 9.84762751472664e-28
9.04 4.068537198655884e-28
9.080000000000002 1.6678563876734493e-28
9.120000000000001 6.783958913562191e-29
9.16 2.737805367987232e-29
9.2 1.0962445499664488e-29
9.240000000000002 4.355004901140724e-30
9.280000000000001 1.716473419899963e-30
9.32 6.711873471235834e-31
9.36 2.6037530602968667e-31
9.400000000000002 1.0020661514072505e-31
9.440000000000001 3.825822980098425e-32
9.48 1.44902756073582e-32
9.52 5.444314855626641e-33
9.560000000000002 2.029159819234978e-33
9.600000000000001 7.5021791457063945e-34
9.64 2.75136741088716e-34
9.68 1.0009022330440923e-34
9.719999999999999 3.611675066510761e-35
9.760000000000002 1.292682185036103e-35
9.8 4.58915975557751e-36
9.84 1.6159400825364548e-36
9.879999999999999 5.643654823155921e-37
9.920000000000002 1.9549303977146836e-37
9.96 6.716306068122603e-38
10.0 2.2884990910164988e-38
10.04 7.73365798909524e-39
10.080000000000002 2.591946925162448e-39
10.120000000000001 8.615237370622982e-40
10.16 2.8398903650997526e-40
10.2 9.2837272041984e-41
10.240000000000002 3.0096987533288246e-41
10.280000000000001 9.676026402515252e-42
10.32 3.08487820034639e-42
10.36 9.75303237403986e-43
10.400000000000002 3.0577064510787065e-43
10.440000000000001 9.506054713105222e-44
10.48 2.9305372620656706e-44
10.52 8.958405790581888e-45
10.560000000000002 2.7154698799013764e-45
10.600000000000001 8.161770165286082e-46
10.64 2.432446427459166e-46
10.68 7.188136308556829e-47
10.719999999999999 2.1061925366669413e-47
10.760000000000002 6.119040577581412e-48
10.8 1.7626535154920516e-48
10.84 5.034355553156921e-49
10.879999999999999 1.4256377790744203e-49
10.920000000000002 4.00274617447798e-50
10.96 1.114257896670066e-50
11.0 3.075300620489474e-51
11.04 8.415096318596583e-52
11.080000000000002 2.282947072776878e-52
11.120000000000001 6.140355410500388e-53
11.16 1.637373923121401e-53
11.2 4.32867324911803e-54
11.240000000000002 1.1345151370902095e-54
11.280000000000001 2.947884223321707e-55
11.32 7.593663883192862e-56
11.36 1.9392304331252112e-56
11.400000000000002 4.9095416344570306e-57
11.440000000000001 1.232203497977408e-57
11.48 3.0658469172351777e-58
11.52 7.562087693492358e-59
11.560000000000002 1.8490682470277644e-59
11.600000000000001 4.4820947275605447e-60
11.64 1.0770179641490766e-60
11.68 2.5655220574118035e-61
11.720000000000002 6.058102363623261e-62
11.760000000000002 1.4180866377969921e-62
11.8 3.290573338013059e-63
11.84 7.569034411177364e-64
11.879999999999999 1.7258657783881842e-64
11.920000000000002 3.9009359322690524e-65
11.96 8.740244934036549e-66
12.0 1.9411951127047815e-66
12.04 4.2736945760702774e-67
12.079999999999998 9.326624196726552e-68
12.119999999999997 2.017577683089631e-68
12.160000000000004 4.3263238111065475e-69
12.200000000000003 9.195789338234605e-70
12.240000000000002 1.9374861031282988e-70
12.280000000000001 4.046375779897812e-71
12.32 8.376650452749307e-72
12.36 1.7188966129614503e-72
12.399999999999999 3.496254221027329e-73
12.439999999999998 7.049022972623926e-74
12.480000000000004 1.4087255660332574e-74
12.520000000000003 2.7905793313139424e-75
12.560000000000002 5.4793860316717955e-76
12.600000000000001 1.0664441004868065e-76
12.64 2.057368914709936e-77
12.68 3.934172693230554e-78
12.719999999999999 7.456949527038454e-79
12.759999999999998 1.400989805753256e-79
12.799999999999997 2.6090011106457963e-80
12.840000000000003 4.815913505594002e-81
12.880000000000003 8.811460624895595e-82
12.920000000000002 1.5980181503788725e-82
12.96 2.8726315634528403e-83
13.0 5.118497352414242e-84
13.04 9.040019458742517e-85
13.079999999999998 1.582561668932599e-85
13.119999999999997 2.7461006834851257e-86
13.160000000000004 4.72320745688165e-87
13.200000000000003 8.05234967342373e-88
13.240000000000002 1.3607352304227242e-88
13.280000000000001 2.279242120979601e-89
13.32 3.7841960365680013e-90
13.36 6.227642782543677e-91
13.399999999999999 1.0158774112928846e-91
13.439999999999998 1.6425824025602414e-92
13.480000000000004 2.6325829043761864e-93
13.520000000000003 4.1822194750238494e-94
13.560000000000002 6.585706405403738e-95
13.600000000000001 1.0279445049298945e-95
13.64 1.5904124659910812e-96
13.68 2.439067256056443e-97
13.719999999999999 3.707770558512495e-98
13.759999999999998 5.586994308949729e-99
13.799999999999997 8.344901230948498e-100
13.840000000000003 1.2355010567108137e-100
13.880000000000003 1.813198724378728e-101
13.920000000000002 2.6377250660147116e-102
13.96 3.803619101094421e-103
14.0 5.4368766120810544e-104
14.04 7.703508185010199e-105
14.079999999999998 1.081971798363996e-105
14.119999999999997 1.5063761067859211e-106
14.160000000000004 2.078944044082797e-107
14.200000000000003 2.84410719015268e-108
14.240000000000002 3.8569572684651045e-109
14.280000000000001 5.184911924843944e-110
14.32 6.90935749535912e-111
14.36 9.127161939866462e-112
14.399999999999999 1.19519233385165e-112
14.439999999999998 1.551479287209292e-113
14.480000000000004 1.996468882417794e-114
14.520000000000003 2.5467703148723937e-115
14.560000000000002 3.2205498144244773e-116
14.600000000000001 4.0372501385387725e-117
14.64 5.017173553784147e-118
14.68 6.180916846042465e-119
14.719999999999999 7.548653921757548e-120
14.759999999999998 9.139270666601722e-121
14.800000000000004 1.0969367638408947e-121
14.840000000000003 1.3052158376074572e-122
14.880000000000003 1.5396303855782576e-123
14.920000000000002 1.8004735958652518e-124
14.96 2.0873533610384946e-125
15.0 2.3990923320142495e-126
15.04 2.7336480022497604e-127
15.079999999999998 3.0880603409464574e-128
15.119999999999997 3.458433861055296e-129
15.160000000000004 3.839959782007134e-130
15.200000000000003 4.2269821457819274e-131
15.240000000000002 4.61310944002107e-132
15.280000000000001 4.9913705993844154e-133
15.32 5.354411370444664e-134
15.36 5.694724146644277e-135
15.399999999999999 6.004901738200415e-136
15.439999999999998 6.277903366178382e-137
15.480000000000004 6.507319665775597e-138
15.520000000000003 6.68762281190217e-139
15.560000000000002 6.814388138202687e-140
15.600000000000001 6.884474830904356e-141
15.64 6.896155382382569e-142
15.68 6.849186348787863e-143
15.719999999999999 6.744816366545577e-144
15.759999999999998 6.585731089418948e-145
15.800000000000004 6.3759384300503735e-146
15.840000000000003 6.120600945934564e-147
15.880000000000003 5.82582514358323e-148
15.920000000000002 5.498419678714957e-149
15.96 5.145635763464977e-150
16.0 4.774903489648908e-151
16.04 4.3935772554775165e-152
16.08 4.008702131624697e-153
16.119999999999997 3.626810973116756e-154
16.160000000000004 3.253759572593795e-155
16.200000000000003 2.8946043784177763e-156
16.240000000000002 2.553524490674524e-157
16.28 2.2337870048219347e-158
16.32 1.9377524684045544e-159
16.36 1.6669153775670316e-160
16.4 1.421973342604558e-161
16.439999999999998 1.2029178194232327e-162
16.480000000000004 1.0091391132927075e-163
16.520000000000003 8.39538650468939e-165
16.560000000000002 6.926421917704848e-166
16.6 5.6670862325186936e-167
16.64 4.5983009113004895e-168
16.68 3.700204447908494e-169
16.72 2.9529012003847615e-170
16.759999999999998 2.3370666047191942e-171
16.800000000000004 1.8344098515752664e-172
16.840000000000003 1.4280023456741429e-173
16.880000000000003 1.1024855308393723e-174
16.92 8.441750115797989e-176
16.96 6.4107952281932584e-177
17.0 4.828534672851167e-178
17.04 3.6070077430931325e-179
17.08 2.672460625659781e-180
17.119999999999997 1.9638682141189647e-181
17.160000000000004 1.4313783063301434e-182
17.200000000000003 1.0347653519895872e-183
17.240000000000002 7.419574348189878e-185
17.28 5.276793388164025e-186
17.32 3.722369737720722e-187
17.36 2.6045433791982406e-188
17.4 1.8076348606969254e-189
17.439999999999998 1.2444034883529973e-190
17.480000000000004 8.497428393577414e-192
17.520000000000003 5.755644798708558e-193
17.560000000000002 3.867096753240668e-194
17.6 2.577300702054916e-195
17.64 1.7038783065968143e-196
17.68 1.117403224811462e-197
17.72 7.2691491503514765e-199
17.759999999999998 4.6909846221203274e-200
17.800000000000004 3.0030023684316888e-201
17.840000000000003 1.907054267496486e-202
17.880000000000003 1.2014082883805125e-203
17.92 7.5083218988929755e-205
17.96 4.655049797821984e-206
18.0 2.8631195009843912e-207
18.04 1.7469997000312398e-208
18.08 1.0575208053727714e-209
18.119999999999997 6.350856129995186e-211
18.160000000000004 3.7837935224805693e-212
18.200000000000003 2.2365516284742065e-213
18.240000000000002 1.3115695305374514e-214
18.28 7.630783946198644e-216
18.32 4.404706789093172e-217
18.36 2.522547913184662e-218
18.4 1.4333128319300416e-219
18.439999999999998 8.080277475759537e-221
18.480000000000004 4.519598559122689e-222
18.520000000000003 2.5082240888109526e-223
18.560000000000002 1.3811164008461025e-224
18.6 7.545643779276914e-226
18.64 4.090430141420959e-227
18.68 2.2001532183992313e-228
18.72 1.174228834343056e-229
18.759999999999998 6.218319467435565e-231
18.800000000000004 3.26752112491008e-232
18.840000000000003 1.703701375127605e-233
18.880000000000003 8.814604976123745e-235
18.92 4.525339449878688e-236
18.96 2.3053826178012925e-237
19.0 1.165421518753793e-238
19.04 5.846229214986247e-240
19.08 2.9102215738618554e-241
19.119999999999997 1.4376008083023617e-242
19.160000000000004 7.047210136457975e-244
19.200000000000003 3.4282100389987667e-245
19.240000000000002 1.6549830013435257e-246
19.28 7.928667297096563e-248
19.32 3.769571810202404e-249
19.36 1.7785809867886367e-250
19.4 8.328172178081885e-252
19.439999999999998 3.870123272209754e-253
19.480000000000004 1.784857639273146e-254
19.520000000000003 8.169409644245674e-256
19.560000000000002 3.710997815122772e-257
19.6 1.6730475427987376e-258
19.64 7.485969430876314e-260
19.68 3.3244103248171913e-261
19.72 1.4652530147311904e-262
19.759999999999998 6.40983238691375e-264
19.800000000000004 2.783052440933171e-265
19.840000000000003 1.1993374378955817e-266
19.880000000000003 5.129928218442876e-268
19.92 2.1778819407775614e-269
19.96 9.161215438720347e-271
