0.0 1.0023678460704213
0.01 1.0024176012863213
0.02 1.0025666405105345
0.03 1.0028142857229012
0.04 1.0031594110464312
0.049999997 1.003600448944531
0.06 1.0041353988208723
0.07 1.0047618379471115
0.08 1.0054769346251915
0.089999996 1.0062774634699359
0.099999994 1.0071598226832739
0.11 1.008120053174635
0.12 1.0091538593687517
0.13 1.010256631530865
0.14 1.0114234694293893
0.14999999 1.0126492071496336
0.16 1.013928438865071
0.17 1.0152555453717527
0.17999999 1.0166247211892154
0.19 1.018030002032249
0.19999999 1.0194652924617917
0.21 1.0209243935273924
0.22 1.0224010302205708
0.22999999 1.0238888785668188
0.24 1.0253815921930258
0.25 1.0268728282183113
0.26 1.028356272327812
0.26999998 1.029825662902096
0.28 1.0312748140866506
0.29 1.032697637701336
0.29999998 1.0340881639028114
0.31 1.0354405605261532
0.32 1.036749151046933
0.32999998 1.038008431118402
0.34 1.0392130836508853
0.35 1.040357992414107
0.35999998 1.0414382541550706
0.37 1.0424491892348962
0.38 1.0433863507999743
0.39 1.0442455325108275
0.39999998 1.0450227748626875
0.41 1.0457143701385694
0.42 1.0463168660435267
0.42999998 1.0468270680737217
0.44 1.04724204068149
0.45 1.0475591072981962
0.45999998 1.0477758492848852
0.47 1.047890103878457
0.48 1.0478999612070268
0.48999998 1.0478037604463173
0.5 1.0476000851914837
0.51 1.0472877581170683
0.52 1.0468658349977948
0.53 1.0463335981612734
0.53999996 1.0456905494424316
0.55 1.0449364027070092
0.56 1.0440710760085388
0.57 1.043094683441949
0.58 1.0420075267519104
0.59 1.0408100867532202
0.59999996 1.0395030146149082
0.61 1.0380871230583484
0.62 1.0365633775144854
0.63 1.0349328872838535
0.64 1.033196896737385
0.65 1.0313567765942036
0.65999997 1.029414015308879
0.66999996 1.0273702105968758
0.68 1.0252270611244956
0.69 1.0229863583858416
0.7 1.020649978787249
0.71 1.0182198759562473
0.71999997 1.0156980732895606
0.72999996 1.0130866567525165
0.74 1.0103877679400521
0.75 1.0076035974062154
0.76 1.0047363782689431
0.77 1.001788380093203
0.78 0.9987619030552508
0.78999996 0.9956592723886841
0.79999995 0.9924828331111123
0.81 0.9892349450302943
0.82 0.9859179780259928
0.83 0.9825343076039179
0.84 0.9790863107166722
0.84999996 0.9755763618460553
0.85999995 0.9720068293404079
0.87 0.9683800719999278
0.88 0.9646984359030117
0.89 0.9609642514653073
0.9 0.9571798307238688
0.90999997 0.9533474648379141
0.91999996 0.9494694217978881
0.93 0.9455479443339903
0.94 0.9415852480160356
0.95 0.9375835195352646
0.96 0.9335449151604652
0.96999997 0.9294715593591694
0.97999996 0.9253655435757638
0.98999995 0.9212289251582391
1.0 0.9170637264256627
1.01 0.9128719338679997
1.02 0.9086554974711526
1.03 0.9044163301592217
1.04 0.9001563073467596
1.05 0.8958772665947077
1.06 0.8915810073620567
1.0699999 0.8872692908476345
1.0799999 0.8829438399153618
1.09 0.8786063390971146
1.1 0.8742584346672053
1.11 0.8699017347832386
1.12 0.8655378096879084
1.13 0.8611681919669435
1.14 0.8567943768581657
1.15 0.8524178226074186
1.16 0.8480399508669902
1.17 0.8436621471323946
1.18 0.8392857612139498
1.1899999 0.8349121077391245
1.1999999 0.8305424666828729
1.2099999 0.8261780839220981
1.22 0.8218201718116583
1.23 0.817469909779244
1.24 0.8131284449357198
1.25 0.8087968926996756
1.26 0.8044763374326355
1.27 0.8001678330837699
1.28 0.7958724038414792
1.29 0.7915910447903624
1.3 0.7873247225715753
1.31 0.7830743760454384
1.3199999 0.7788409169541275
1.3299999 0.7746252305837815
1.3399999 0.7704281764243589
1.35 0.7662505888261895
1.36 0.762093277652442
1.37 0.757957028925854
1.38 0.7538426054697479
1.39 0.7497507475418811
1.4 0.7456821734605471
1.41 0.7416375802225502
1.42 0.7376176441120355
1.43 0.7336230212999905
1.4399999 0.7296543484338013
1.4499999 0.7257122432165141
1.4599999 0.7217973049750294
1.4699999 0.7179101152180202
1.48 0.7140512381815985
1.49 0.7102212213640635
1.5 0.7064205960486998
1.51 0.70264987781442
1.52 0.6989095670346842
1.53 0.6952001493636233
1.54 0.6915220962105577
1.55 0.6878758652015629
1.56 0.6842619006288025
1.5699999 0.680680633887402
1.5799999 0.6771324838997335
1.5899999 0.6736178575274132
1.5999999 0.6701371499706114
1.61 0.6666907451549224
1.62 0.6632790161060601
1.63 0.6599023253118835
1.64 0.6565610250723452
1.65 0.6532554578369608
1.66 0.6499859565304191
1.67 0.6467528448657351
1.68 0.6435564376455881
1.6899999 0.6403970410515305
1.6999999 0.6372749529215963
1.7099999 0.6341904630157958
1.7199999 0.6311438532701237
1.73 0.6281353980389037
1.74 0.6251653643254294
1.75 0.6222340120014251
1.76 0.6193415940149933
1.77 0.616488356587202
1.78 0.6136745393976457
1.79 0.6109003757587118
1.8 0.6081660927789585
1.81 0.6054719115154032
1.8199999 0.6028180471149234
1.8299999 0.600204708944931
1.8399999 0.5976321007131705
1.8499999 0.5951004205769566
1.86 0.5926098612416275
1.87 0.5901606100485473
1.88 0.587752849052673
1.89 0.5853867550894931
1.9 0.5830624998314565
1.91 0.5807802498343122
1.92 0.5785401665725747
1.93 0.5763424064648822
1.9399999 0.5741871208891487
1.9499999 0.5720744561874128
1.9599999 0.5700045536613088
1.9699999 0.5679775495582235
1.9799999 0.5659935750487801
1.99 0.5640527561956111
2.0 0.562155213913184
2.01 0.5603010639172934
2.02 0.5584904166628418
2.03 0.5567233772674433
2.04 0.5550000454201862
2.05 0.5533205152753159
2.06 0.5516848753342594
2.07 0.5500932083207412
2.08 0.5485455910542536
2.09 0.5470420943258206
2.1 0.5455827827750387
2.11 0.5441677147650955
2.12 0.542796942248513
2.1299999 0.541470510616881
2.1399999 0.5401884585311569
2.1499999 0.5389508177323875
2.1599998 0.5377576128360048
2.1699998 0.5366088611158651
2.18 0.5355045722821534
2.19 0.5344447482575462
2.2 0.5334293829522726
2.21 0.5324584620378702
2.22 0.5315319627177667
2.23 0.5306498534931324
2.24 0.5298120939226597
2.25 0.5290186343758247
2.26 0.528269415779973
2.27 0.5275643693615379
2.28 0.5269034163830023
2.29 0.5262864678758362
2.3 0.5257134243710524
2.31 0.5251841756277901
2.32 0.5246986003611122
2.33 0.5242565659695004
2.34 0.5238579282630129
2.35 0.5235025311929663
2.36 0.5231902065841223
2.37 0.5229207738700721
2.3799999 0.5226940398330391
2.3899999 0.5225097983492181
2.3999999 0.5223678301407229
2.4099998 0.5222679025352593
2.4199998 0.5222097692351716
2.4299998 0.5221931700967107
2.44 0.5222178309214018
2.45 0.5222834632606937
2.46 0.5223897642355178
2.47 0.5225364163725374
2.48 0.5227230874583361
2.49 0.5229494304138561
2.5 0.5232150831903282
2.51 0.5235196686891362
2.52 0.52386279470673
2.53 0.5242440539075914
2.54 0.5246630238262279
2.55 0.5251192669011733
2.56 0.5256123305423132
2.57 0.526141747234391
2.58 0.5267070346782147
2.59 0.5273076959723604
2.6 0.5279432198370366
2.61 0.5286130808827992
2.62 0.5293167399258899
2.6299999 0.5300536443526663
2.6399999 0.5308232285352978
2.6499999 0.5316249143004776
2.6599998 0.5324581114536641
2.6699998 0.5333222183605302
2.6799998 0.5342166225875381
2.69 0.5351407016034225
2.7 0.5360938235433441
2.71 0.5370753480370241
2.72 0.5380846271020436
2.73 0.539121006103922
2.74 0.5401838247834013
2.75 0.5412724183514804
2.76 0.5423861186531775
2.77 0.5435242553995949
2.78 0.5446861574679474
2.79 0.5458711542693058
2.8 0.547078577182984
2.81 0.5483077610556644
2.82 0.5495580457643295
2.83 0.5508287778396092
2.84 0.5521193121475665
2.85 0.5534290136260689
2.86 0.5547572590722686
2.87 0.556103438976041
2.8799999 0.557466959394995
2.8899999 0.5588472438650911
2.8999999 0.5602437353402907
2.9099998 0.5616558981547876
2.9199998 0.5630832199993839
2.9299998 0.564525213904749
2.9399998 0.5659814202214039
2.95 0.5674514085878634
2.96 0.568934779875687
2.97 0.5704311681011455
2.98 0.5719402422917237
2.99 0.5734617082949992
3.0 0.5749953105176817
3.01 0.576540833581095
3.02 0.5780981038797257
3.03 0.5796669910285335
3.04 0.581247409184551
3.05 0.5828393182283613
3.06 0.5844427247902155
3.07 0.5860576831059676
3.08 0.5876842956882308
3.09 0.5893227137972292
3.1 0.5909731376979308
3.11 0.592635816688097
3.12 0.5943110488847796
3.1299999 0.5959991807555133
3.1399999 0.5977006063826664
3.1499999 0.5994157664494009
3.1599998 0.6011451469374219
3.1699998 0.6028892775275789
3.1799998 0.6046487296963259
3.1899998 0.6064241145015898
3.1999998 0.6082160800547303
3.21 0.6100253086758788
3.22 0.6118525137325893
3.23 0.613698436163659
3.24 0.6155638406924083
3.25 0.6174495117355259
3.26 0.6193562490167479
3.27 0.6212848628962131
3.28 0.6232361694298327
3.29 0.6252109851745555
3.3 0.6272101217588959
3.31 0.6292343802395848
3.32 0.6312845452689512
3.33 0.633361379098322
3.34 0.6354656154471187
3.35 0.6375979532670619
3.36 0.6397590504352563
3.37 0.6419495174098795
3.3799999 0.6441699108847686
3.3899999 0.6464207274802595
3.3999999 0.6487023975086169
3.4099998 0.6510152788535991
3.4199998 0.6533596510034421
3.4299998 0.6557357092776843
3.4399998 0.6581435592872725
3.4499998 0.6605832116674861
3.46 0.6630545771218654
3.47 0.665557461814828
3.48 0.6680915631483838
3.49 0.6706564659571097
3.5 0.6732516391528971
3.51 0.6758764328489534
3.52 0.6785300759892186
3.53 0.6812116745068205
3.54 0.6839202100314309
3.55 0.6866545391620259
3.56 0.6894133933182718
3.57 0.6921953791788321
3.58 0.6949989797120811
3.59 0.6978225558001007
3.6 0.7006643484525757
3.61 0.7035224816036592
3.62 0.7063949654804205
3.6299999 0.7092797005276271
3.6399999 0.7121744818702074
3.6499999 0.7150770042902591
3.6599998 0.7179848676930546
3.6699998 0.7208955830323399
3.6799998 0.7238065786627519
3.6899998 0.7267152070847236
3.6999998 0.7296187520439229
3.7099998 0.7325144359466603
3.72 0.7353994275496848
3.73 0.738270849881981
3.74 0.7411257883557404
3.75 0.7439612990219104
3.76 0.746774416926203
3.77 0.7495621645217161
3.78 0.7523215600941879
3.79 0.7550496261566992
3.8 0.7577433977724742
3.81 0.7603999307646129
3.82 0.7630163097745347
3.83 0.7655896561312876
3.84 0.7681171354977463
3.85 0.7705959652604271
3.86 0.773023421632995
3.87 0.7753968464462047
3.8799999 0.7777136535989542
3.8899999 0.7799713351489653
3.8999999 0.7821674670237332
3.9099998 0.784299714335238
3.9199998 0.7863658362856003
3.9299998 0.7883636906524883
3.9399998 0.7902912378469287
3.9499998 0.792146544538329
3.9599998 0.7939277868444606
3.97 0.7956332530864442
3.98 0.7972613461110769
3.99 0.7988105851859222
4.0 0.8002796074732949
4.0099998 0.8016671690928905
4.02 0.8029721457830283
4.0299997 0.8041935331732617
4.04 0.8053304466823181
4.0499997 0.8063821210558848
4.06 0.8073479095612206
4.0699997 0.8082272828551583
4.08 0.8090198275437805
4.0899997 0.8097252444524796
4.1 0.8103433466252631
4.11 0.8108740570726833
4.12 0.8113174062883876
4.13 0.8116735295536726
4.14 0.8119426640494372
4.15 0.8121251457956324
4.16 0.8122214064366148
4.17 0.8122319698918512
4.18 0.8121574488899973
4.19 0.8119985414039746
4.2 0.8117560270048794
4.21 0.8114307631505135
4.22 0.8110236814252202
4.23 0.8105357837456427
4.24 0.8099681385468607
4.25 0.8093218769628108
4.2599998 0.8085981890133817
4.27 0.8077983198104365
4.2799997 0.8069235657941997
4.29 0.8059752710093492
4.2999997 0.804954823431778
4.31 0.8038636513537359
4.3199997 0.8027032198356319
4.33 0.8014750272319537
4.3399997 0.8001806017972175
4.35 0.7988214983786862
4.36 0.797399295199509
4.37 0.7959155907382359
4.38 0.794372000707082
4.39 0.7927701551333419
4.4 0.7911116955455915
4.41 0.7893982722673053
4.42 0.7876315418192027
4.43 0.7858131644316468
4.44 0.783944801667266
4.45 0.7820281141547911
4.46 0.7800647594330374
4.47 0.778056389905514
4.48 0.7760046509036905
4.49 0.773911178859281
4.5 0.7717775995824179
4.5099998 0.7696055266458262
4.52 0.7673965598717821
4.5299997 0.7651522839206524
4.54 0.7628742669784176
4.5499997 0.7605640595409818
4.56 0.7582231932929314
4.5699997 0.7558531800775643
4.58 0.7534555109564279
4.5899997 0.7510316553545756
4.6 0.7485830602896898
4.61 0.7461111496814435
4.62 0.743617323738546
4.63 0.7411029584205736
4.64 0.7385694049714695
4.65 0.7360179895217821
4.66 0.7334500127569915
4.67 0.7308667496484128
4.68 0.7282694492445894
4.69 0.7256593345194751
4.7 0.7230376022749568
4.71 0.7204054230952122
4.72 0.7177639413494177
4.73 0.7151142752409754
4.74 0.7124575168996491
4.75 0.7097947325149515
4.7599998 0.7071269625075898
4.77 0.7044552217367683
4.7799997 0.7017804997407939
4.79 0.6991037610090434
4.7999997 0.6964259452822625
4.81 0.6937479678796595
4.8199997 0.6910707200503664
4.83 0.6883950693472497
4.8399997 0.6857218600208738
4.85 0.6830519134320024
4.8599997 0.6803860284803737
4.87 0.6777249820483711
4.88 0.67506952945736
4.89 0.672420404935492
4.9 0.6697783220949486
4.91 0.6671439744173258
4.92 0.6645180357456137
4.93 0.6619011607813955
4.94 0.6592939855855434
4.95 0.6566971280818643
4.96 0.6541111885616585
4.97 0.6515367501884396
4.98 0.648974379501516
4.99 0.6464246269175601
5.0 0.6438880272290227
5.0099998 0.6413651000982014
5.02 0.6388563505464755
5.0299997 0.6363622694376035
5.04 0.6338833339542196
5.0499997 0.6314200080669551
5.06 0.6289727429951822
5.0699997 0.6265419776591218
5.08 0.6241281391221392
5.0899997 0.6217316430232892
5.1 0.6193528939988554
5.1099997 0.6169922860930753
5.12 0.6146502031569834
5.13 0.6123270192355067
5.14 0.6100230989417285
5.15 0.6077387978190183
5.16 0.6054744626893139
5.17 0.6032304319887561
5.18 0.6010070360892056
5.19 0.5988045976061738
5.2 0.5966234316929103
5.21 0.5944638463199406
5.22 0.5923261425407252
5.23 0.5902106147428008
5.24 0.5881175508845118
5.25 0.586047232717403
5.2599998 0.5839999359941225
5.27 0.5819759306618358
5.2799997 0.5799754810414606
5.29 0.5779988459924416
