0.0 0.0 0.7049491902936732 1.4070104733602673 2.168753226782619
0.01 5.936581115584261e-9 0.7051384736410331 1.4071458262745087 2.1690589296955487
0.02 2.9439477300385875e-8 0.7057063689910239 1.4075518543427856 2.1699687240949475
0.03 7.900137077854197e-8 0.7066530122473722 1.4082284655474477 2.1714612823068005
0.04 1.6364615107455904e-7 0.7079786298500431 1.4091755065441904 2.1735030142087184
0.049999997 2.893071786580492e-7 0.7096835386755866 1.410392762689512 2.1760506913523527
0.06 4.700183857675455e-7 0.7117681458981703 1.4118799580790686 2.179054575985692
0.07 7.13284803000036e-7 0.7142329488107441 1.413636755596825 2.1824616598801674
0.08 1.0252105857588845e-6 0.717078534606871 1.415662756974225 2.1862186645133934
0.089999996 1.4178817651089304e-6 0.7203055801232331 1.4179575028599287 2.190274550666976
0.099999994 1.9017159049727894e-6 0.7239148515431398 1.4205204728991307 2.194582401305321
0.11 2.4863109316930476e-6 0.7279072040609855 1.423351085822391 2.199100649343056
0.12 3.182899908527048e-6 0.7322835815081129 1.4264486995436794 2.2037937041547995
0.13 3.99775957249382e-6 0.737045015940415 1.4298126112669856 2.208632080993067
0.14 4.9654318872160985e-6 0.7421926271876512 1.4334420576014901 2.213592158083446
0.14999999 6.086048503384234e-6 0.7477276223650959 1.4373362146843096 2.218655684230313
0.16 7.355707948741852e-6 0.7536512953477211 1.4414941983109861 2.223809143792766
0.17 8.808241217295176e-6 0.7599650262072156 1.4459150640729586 2.22904306349642
0.17999999 1.049191654223236e-5 0.7666702806124011 1.4505978075016528 2.234351322165429
0.19 1.2358596291450752e-5 0.7737686091931462 1.4555413642187878 2.2397305035059443
0.19999999 1.4465815742381594e-5 0.7812616468685251 1.4607446100928356 2.2451793150721224
0.21 1.6902069070567904e-5 0.789151112139307 1.4662063614006322 2.2506980838568915
0.22 1.9553892568469067e-5 0.7974388063454944 1.4719253749946193 2.256288330147092
0.22999999 2.254799133671881e-5 0.8061266128891954 1.477900348474827 2.2619524157203155
0.24 2.5957667539877605e-5 0.8152164964233009 1.4841299203655 2.2676932593018955
0.25 2.95986650340474e-5 0.8247105020064983 1.490612670296571 2.273514110773058
0.26 3.381128451607207e-5 0.8346107542251242 1.4973471191890826 2.2794183753395028
0.26999998 3.843796215230455e-5 0.8449194562821456 1.5043317294451495 2.285409479274956
0.28 4.3580901299078434e-5 0.8556388890540749 1.5115649051419056 2.291490769638929
0.29 4.9215415148462505e-5 0.866771410116022 1.5190449922298408 2.297665441336382
0.29999998 5.546996492911127e-5 0.878319452735591 1.5267702787349737 2.303936485868354
0.31 6.266967128276679e-5 0.890285524835986 1.534738994965526 2.3103066570592987
0.32 7.003262440441471e-5 0.9026722079289954 1.5429493137230383 2.316778449897572
0.32999998 7.888527433519421e-5 0.9154821560181009 1.551399350517665 2.323354089367202
0.34 8.801342429498593e-5 0.9287180944726063 1.5600871637886167 2.3300355267639867
0.35 9.860343699452656e-5 0.9423828188728913 1.5690107551293084 2.3368244415258315
0.35999998 0.00010983723371715826 0.9564791938275118 1.5781680695179447 2.343722247025253
0.37 0.0001227586667342795 0.9710101517628611 1.5875569955536524 2.350730099121773
0.38 0.00013615497901264817 0.9859786916852215 1.5971753656986105 2.357848906558278
0.39 0.00015181977278944103 1.001387877916602 1.6070209565264721 2.365079342491249
0.39999998 0.00016814835901934888 1.0172408388042007 1.6170914889778405 2.3724218566355457
0.41 0.00018673299482507844 1.033540765404077 1.6273846286226312 2.3798766876322928
0.42 0.00020650063703042676 1.0502909101399307 1.6378979859303902 2.3874438753550056
0.42999998 0.0002289940042189409 1.0674945854370332 1.648629116548956 2.3951232729524428
0.44 0.0002523364636892733 1.0851551623318965 1.6595755215914447 2.4029145584945812
0.45 0.0002796519449261847 1.1032760690583707 1.6707346479331548 2.4108172461208404
0.45999998 0.0003071778057417429 1.1218607896103214 1.6821038885175996 2.4188306966476016
0.47 0.00033989321646088477 1.1409128622816997 1.6936805826734802 2.4269541275948874
0.48 0.00037322138560746954 1.160435878184114 1.7054620164423537 2.435186622631499
0.48999998 0.0004116006843666309 1.1804334797426643 1.7174454229178773 2.443527140439173
0.5 0.00045250199039870154 1.2009093591702935 1.7296279825971284 2.45197452301252
0.51 0.0004962140403438342 1.2218672569211964 1.7420068237445143 2.460527503415911
0.52 0.0005455579117579212 1.2433109601237538 1.754579022769058 2.4691847130229876
0.53 0.0005956077895240552 1.2652443009932688 1.767341604615287 2.4779446882674243
0.53999996 0.0006550076253792891 1.287671155225183 1.7802915431685666 2.4868058769343615
0.55 0.0007151026492540069 1.3105954403689113 1.7934257616751654 2.4957666440238246
0.56 0.0007823010772105565 1.334021114183171 1.806741133177836 2.5048252772115775
0.57 0.000855943349807653 1.3579521729724258 1.8202344809672053 2.5139799919423305
0.58 0.0009304297259955518 1.3823926499060342 1.833902579049701 2.5232289361745845
0.59 0.0010193381575975824 1.4073466133191326 1.8477421526320472 2.532570194811447
0.59999996 0.0011091904208444525 1.4328181649970446 1.8617498786234747 2.5420017938337875
0.61 0.0012052719995615524 1.4588114384423627 1.8759223861553234 2.5515217041652485
0.62 0.0013149499368225737 1.4853305971261628 1.890256257119286 2.5611278452839756
0.63 0.0014249365138583325 1.512379832722962 1.9047480267237797 2.5708180886066003
0.64 0.0015473043217582028 1.539963363330334 1.919394184069537 2.5805902606580826
0.65 0.001683062227874399 1.568085431673206 1.9341911727445524 2.590442146046087
0.65999997 0.0018198923199286288 1.5967503032936101 1.949135391438501 2.600371490255334
0.66999996 0.001970055516201885 1.6259622647258183 1.9642231945772113 2.610376002274785
0.68 0.00213767454265823 1.655725621657757 1.9794508929772858 2.6204533570726114
0.69 0.0023064441110045575 1.6860446970787426 1.9948147545212764 2.630601197927832
0.7 0.0024874982914095956 1.7169238294138385 2.0103110048534556 2.6408171386330936
0.71 0.002693771645942533 1.7483673706457197 2.025935828096511 2.651098765575446
0.71999997 0.0029023792065429044 1.7803796844239421 2.0416853675892765 2.661443639705596
0.72999996 0.003116776449803127 1.812965144162124 2.057555726645829 2.6718492984038282
0.74 0.0033648688359796397 1.846128131123728 2.0735429693354313 2.682313257250583
0.75 0.003624458903168315 1.879873032496293 2.0896431212844853 2.692833011707578
0.76 0.003885598603953988 1.9142042394549916 2.1058521704994835 2.70340603871685
0.77 0.004167404961014087 1.949126145215646 2.122166068211711 2.714029798223259
0.78 0.004483227350941643 1.984643143077886 2.138580729743407 2.7247017346250653
0.78999996 0.004811918615039268 2.020759624458109 2.1550920353952865 2.735419278159874
0.79999995 0.005136774149769541 2.0574799769138274 2.171695831355772 2.746179846226448
0.81 0.005496507814441776 2.094808582158568 2.1883879306314435 2.756980844650836
0.82 0.005896670363652379 2.1327498140687773 2.2051641139987845 2.767819668897334
0.83 0.006302403414066626 2.1713080366821647 2.222020130977317 2.778693705229777
0.84 0.006716462623341024 2.2104876021888615 2.2389517008235105 2.7896003318251745
0.84999996 0.007148252800580734 2.2502928489150222 2.2559545135458206 2.80053691984323
0.85999995 0.007645790750645087 2.2907280992997023 2.2730242309402744 2.8115008344546792
0.87 0.008158056817122672 2.3317976578654154 2.29015648764671 2.8224894358297568
0.88 0.008678780742073289 2.373505809182504 2.3073468922251856 2.833500080091099
0.89 0.009186322929507718 2.4158568158282643 2.324591028252423 2.844530120231035
0.9 0.009780186627372345 2.4588549163406186 2.3418844554381204 2.855576906996945
0.90999997 0.010406922270820407 2.5025043231672677 2.3592227107605437 2.8666377897458557
0.91999996 0.011062083722241156 2.5468092206107804 2.3766013096215195 2.877710117269494
0.93 0.01171914179084943 2.591773762769628 2.3940157470200583 2.8887912385922414
0.94 0.012377461956891045 2.6374020714758846 2.4114614987444702 2.899878503743602
0.95 0.013105129628655288 2.683698234230372 2.4289340225828804 2.910969264504752
0.96 0.0138987239309587 2.730666302135017 2.446428759551055 2.9220608751326598
0.96999997 0.01471489547891991 2.7783102878234067 2.463941135137969 2.933150693062317
0.97999996 0.015547051924254096 2.826634163390188 2.4814665605679544 2.944236079586449
0.98999995 0.016399510520977323 2.875641858318737 2.4990004340797176 2.9553144005167855
1.0 0.017259041094189187 2.9253372574093093 2.516538142220957 2.966383026825255
1.01 0.01819688533743513 2.9757241987060845 2.5340750611590654 2.9774393352672415
1.02 0.01921967634474364 3.026806471425844 2.551606558006471 2.988480708987494
1.03 0.020261675420678582 3.0785878138865623 2.5691279921608365 2.9995045381097967
1.04 0.02132676178543358 3.131071911438414 2.5866347166596877 3.010508220309593
1.05 0.022428836196599633 3.1842623943961157 2.6041220795478566 3.0214891613734025
1.06 0.023520864861109825 3.2381628359742054 2.6215854252587523 3.032444775742129
1.0699999 0.02465701925959629 3.292776750225244 2.639020096007906 3.043372487041195
1.0799999 0.025904514735631268 3.348107589981617 2.656421433198423 3.0542697285974127
1.09 0.027222631607166314 3.4041587448014896 2.673784778837921 3.065133943943002
1.1 0.028577140141026747 3.4609335389194396 2.691105476966443 3.0759625873074605
1.11 0.029938377783632286 3.518435229202418 2.7083788750945197 3.0867531240977564
1.12 0.031340907577146915 3.5766670031111767 2.7256003256509582 3.0975030313669136
1.13 0.032756486141175656 3.635631976668586 2.742765187439738 3.1082097982726777
1.14 0.03418813326115844 3.6953331924343167 2.759868827105474 3.1188709265244925
1.15 0.03572792775371869 3.755773617487521 2.776906620606515 3.1294839308216003
1.16 0.03738375272957839 3.816956141417046 2.793873954695675 3.1400463392810094
1.17 0.039063992267104664 3.878883574320895 2.810766228407066 3.150555693856298
1.18 0.040788322022887624 3.9415586448144406 2.827578854549432 3.1610095507473015
1.1899999 0.04255299981434213 4.004983998048949 2.844307261204628 3.1714054808013015
1.1999999 0.044345509364048796 4.069162193740046 2.860946893230539 3.1817410699059883
1.2099999 0.04616448071284751 4.134095704207711 2.877493213768422 3.1920139193745753
1.22 0.04801236084337657 4.1997869124276415 2.8939417057535772 3.2022216463222795
1.23 0.04992109361713004 4.266238110095183 2.910287873428229 3.2123618840366963
1.24 0.05195478133339049 4.333451495701762 2.9265272438573966 3.22243228233953
1.25 0.054045170092023365 4.401429172625247 2.9426553684450254 3.232430507942543
1.26 0.05615897199626274 4.4701731472343775 2.958667824451821 3.242354244795781
1.27 0.05836756340993665 4.539685327007849 2.9745602165123635 3.252201194429833
1.28 0.06062229588978452 4.609967518669021 2.990328178151949 3.26196907629159
1.29 0.06292772828590965 4.68102142633665 3.0059673733019667 3.2716556280736273
1.3 0.06524206339513305 4.752848649692323 3.0214734978133193 3.281258606037858
1.31 0.06755950453362447 4.8254506821653385 3.0368422809667686 3.2907757853336173
1.3199999 0.06992738489605355 4.898828909135659 3.0520694869803173 3.3002049603094443
1.3299999 0.07239189533207602 4.972984606155257 3.067150916512261 3.3095439448203248
1.3399999 0.07496160863716494 5.04791893718945 3.0820824081593403 3.3187905725284765
1.35 0.07758080236183185 5.123632952877543 3.096859839949556 3.327942697200229
1.36 0.08027488026682461 5.200127588814727 3.1114791308285445 3.336998192997207
1.37 0.0829988285685811 5.277403663854744 3.125936242139444 3.3459549547625413
1.38 0.08579044263392088 5.355461878435427 3.140227179094764 3.35481089830225
1.39 0.08862093819445471 5.434302812925718 3.1543479922401656 3.3635639606631043
1.4 0.09150409210546306 5.513926925997567 3.1682947789092655 3.3722121004041226
1.41 0.0944397818909185 5.594334553020155 3.1820636846686443 3.380753297865399
1.42 0.09740329086540611 5.675525904480285 3.1956509047525983 3.3891855554315002
1.43 0.10039022589286317 5.757501064427379 3.209052685486947 3.39750689779071
1.4399999 0.10342812598034079 5.840259988944467 3.2222653257006764 3.405715372191397
1.4499999 0.10657217006341146 5.923802504646667 3.235285178125527 3.413809048692096
1.4599999 0.10979525373752386 6.008128307205878 3.2481086507829193 3.4217860204095025
1.4699999 0.11303693562014949 6.09323695990429 3.2607322083554915 3.4296444037627003
1.48 0.11637711199524503 6.179127892216661 3.2731523735463393 3.437382338711389
1.49 0.11974215733758564 6.265800398421864 3.285365728421351 3.444997988992867
1.5 0.12316320353865218 6.353253636243786 3.2973689157366914 3.452489542354141
1.51 0.12665587187643845 6.441486625524593 3.3091586402495823 3.459855210779707
1.52 0.1301804407567495 6.530498246926964 3.3207316700116856 3.4670932307181412
1.53 0.13372235045887948 6.620287240671128 3.332084837645626 3.474201863301673
1.54 0.1372751109799013 6.7108522053021264 3.3432150416017463 3.4811793945656384
1.55 0.14088038095909772 6.802191596492041 3.3541192473968957 3.4880241356621133
1.56 0.14451316579930973 6.894303725875026 3.3647944888331587 3.4947344230718036
1.5699999 0.14822085711902266 6.987186759917868 3.3752378691961695 3.501308618811207
1.5799999 0.1519998002060421 7.080838718825551 3.385446562432772 3.5077451106364834
1.5899999 0.15586456390230163 7.175257475481874 3.3954178143066356 3.514042312245717
1.5999999 0.1597659989447715 7.270440754427688 3.4051489435322115 3.520198663475829
1.61 0.16370403395310829 7.366386130875685 3.4146373428858623 3.52621263049685
1.62 0.16772874065147814 7.463091029762469 3.4238804802931995 3.5320827060034
1.63 0.17178368896840746 7.560552724840275 3.4328758998930566 3.5378074094021743
1.64 0.17585856515412956 7.658768337805231 3.4416212230764667 3.5433852869972235
1.65 0.17995070700028803 7.757734837467744 3.450114149501154 3.5488149121701382
1.66 0.18406047921736446 7.85744903896093 3.458352458079447 3.55409488555906
1.67 0.18822103076841812 7.957907602991182 3.4663340079410574 3.559223835232492
1.68 0.19240730628630998 8.05910703512733 3.474056739368519 3.5642004168622634
1.6899999 0.1965950267561566 8.161043685135281 3.481518674705611 3.5690233138898337
1.6999999 0.20081078848894507 8.263713746351844 3.4887179192376485 3.573691237692416
1.7099999 0.20510897445898635 8.367113255101518 3.495652662044184 3.5782029277444747
1.7199999 0.20948794550219973 8.471238090158685 3.502321176822234 3.582557151775616
1.73 0.21390663170903434 8.576083972251284 3.5087218226806383 3.5867527059254707
1.74 0.21839238049248888 8.681646463609631 3.5148530449049 3.5907884148953992
1.75 0.22290113203274564 8.787920967560048 3.5207133756911633 3.5946631320965676
1.76 0.2274233401442386 8.894902728163121 3.5263014348503052 3.5983757397948466
1.77 0.2319610722747636 9.00258682989857 3.5316159304804455 3.6019251492512594
1.78 0.23651576832584187 9.110968197394524 3.5366556596082237 3.605310300860729
1.79 0.2411184482169605 9.220041595204998 3.541419508798171 3.608530164285847
1.8 0.24572907838722857 9.329801627633017 3.5459064547296433 3.611583738587085
1.81 0.25035117835438825 9.440242738601333 3.5501155647411995 3.6144700523507662
1.8199999 0.2549988565137623 9.551359211570622 3.554045997341949 3.6171881638118952
1.8299999 0.2596493560805704 9.663145169506532 3.5576970026894372 3.6197371609735502
1.8399999 0.26428686813454727 9.775594574893068 3.561067923033841 3.6221161617239197
1.8499999 0.2689593463640557 9.888701229796782 3.5641581931279944 3.6243243139475907
1.86 0.2737132056619075 10.002458775977948 3.5669673406032056 3.6263607956346076
1.87 0.2785121705390755 10.116860695052605 3.5694949863104566 3.628224814984708
1.88 0.28334275510168827 10.231900308702667 3.5717408446262304 3.629915610508108
1.89 0.2881735506108599 10.347570778936545 3.573704723723465 3.631432451122637
1.9 0.2930140222308284 10.463865108399737 3.575386525807479 3.6327746362454785
1.91 0.2978892372500187 10.580776140734494 3.5767862473148746 3.633941495883031
1.92 0.3027975870239741 10.698296560991333 3.577903979077938 3.634932390714394
1.93 0.3077157186641183 10.816418896089443 3.5787399064520593 3.635746712172019
1.9399999 0.3126403896376986 10.935135515329861 3.5792943094069223 3.636383882516818
1.9499999 0.31758320410621144 11.054438630956454 3.5795675625816368 3.6368433549104355
1.9599999 0.3225280268002828 11.174320298770393 3.5795601353028563 3.637124613481955
1.9699999 0.3275112583516854 11.294772418794553 3.5792725915668138 3.63722717339103
1.9799999 0.3324944270757737 11.415786735987998 3.5787055899844886 3.6371505808893643
1.99 0.33746955705926773 11.537354841014317 3.5778598836902678 3.636894413375891
2.0 0.3424284158905546 11.659468171057554 3.5767363202136564 3.636458279451847
2.01 0.3473660457550982 11.782118010692882 3.5753358413139504 3.635841818969131
2.02 0.3523340249369289 11.905295492805609 3.5736594827770243 3.635044703074161
2.03 0.35734253750332956 12.028991599562884 3.571708374174228 3.6340666342441637
2.04 0.36236040916313283 12.153197163435877 3.569483738582437 3.6329073463122836
2.05 0.36738537397687143 12.277902868270688 3.566986892266241 3.631566604485476
2.06 0.37238647819671633 12.40309925041243 3.5642192443220773 3.6300442053516555
2.07 0.37739507721922017 12.52877669987725 3.5611822962860455 3.62833997688615
2.08 0.38242401906230095 12.654925461577841 3.5578776417066282 3.6264537784580693
2.09 0.38747614533255903 12.78153563659687 3.554306965682415 3.624385500844577
2.1 0.3924943428903773 12.908597183513939 3.5504720443667757 3.622135066246892
2.11 0.3974894696276905 13.036099919781249 3.5463747444358535 3.619702428308188
2.12 0.40249947096326477 13.164033523149959 3.5420170225204024 3.6170875721235793
2.1299999 0.4075306964258095 13.292387533142879 3.5374009245995075 3.6142905142388657
2.1399999 0.41257412691629514 13.421151352579688 3.5325285853553 3.6113113026309476
2.1499999 0.41764470735015735 13.550314249147027 3.5274022274887287 3.608150016677064
2.1599998 0.4227236269242671 13.6798653570184 3.5220241609984804 3.604806767112037
2.1699998 0.42780324984798446 13.80979367852085 3.5163967824223623 3.601281695982481
2.18 0.43288974782580836 13.940088085850123 3.5105225740452446 3.5975749765980503
2.19 0.43799900544060744 14.070737322835264 3.5044041030720616 3.5936868134818782
2.2 0.44314810518982406 14.20173000674766 3.4980440207678924 3.589617442321908
2.21 0.4482592375771114 14.333054630157532 3.4914450615644643 3.585367129920082
2.22 0.45332487358879014 14.464699562837206 3.484610042133348 3.5809361741363697
2.23 0.4583964470214601 14.59665305370826 3.477541860425134 3.5763249038282625
2.24 0.4634951037520273 14.728903232835316 3.470243494675441 3.571533678781942
2.25 0.4685665605198671 14.861438113461068 3.4627180023770405 3.5665628896394987
2.26 0.4736151851868615 14.994245594088362 3.4549685192188195 3.5614129578163727
2.27 0.47866548775801165 15.127313460602883 3.4469982579924365 3.5560843354149774
2.28 0.48374617705766476 15.260629388439153 3.438810507466157 3.55057750513162
2.29 0.4887996741941557 15.394180944789225 3.430408631227703 3.544892980156839
2.3 0.49382455031619343 15.527955590850683 3.421796066495529 3.5390313040720907
2.31 0.49883187686781183 15.661940684118013 3.4129763228996843 3.5329930507390777
2.32 0.5038346535937691 15.796123480710312 3.403952981232334 3.526778824185371
2.33 0.5088246426342142 15.93049113774166 3.3947296921689385 3.5203892584830174
2.34 0.5138432318358559 16.0650307157269 3.385310174960459 3.5138250176227874
2.35 0.5188526838105441 16.199729181027273 3.375698216096728 3.507086795381763
2.36 0.5238711941764832 16.334573408331536 3.365897667941734 3.500175315186747
2.37 0.5288275804290147 16.469550183173318 3.355912447341726 3.493091329970471
2.3799999 0.5337789128736243 16.604646204483977 3.3457465342064325 3.485835622023916
2.3899999 0.5386937828742133 16.73984808717912 3.3354039700636844 3.4784090028424264
2.3999999 0.5435598452922228 16.8751423647809 3.324888856588512 3.4708123129643216
2.4099998 0.5483712123015815 17.010515492068873 3.3142053541074303 3.4630464218082864
2.4199998 0.5531565034724172 17.145953847766975 3.3033576800776094 3.4551122275007087
2.4299998 0.55794130469416 17.28144373725832 3.2923501075429695 3.447010656700278
2.44 0.5627447078954948 17.416971395330545 3.281186963566623 3.4387426644173966
2.45 0.5675501491930998 17.552522988952482 3.269872627640899 3.430309233824626
2.46 0.5723750498389769 17.688084620074648 3.2584115300758825 3.421711376066838
2.47 0.5771791490675549 17.82364232846026 3.2468081503662507 3.412950130062464
2.48 0.5820474030825254 17.959182094541596 3.235067015538293 3.40402656230011
2.49 0.5869032057043391 18.094689842300664 3.223192698476835 3.394941766630296
2.5 0.5917448864387337 18.23015144217445 3.2111898162334045 3.385696864052485
2.51 0.596579168382024 18.365552713983003 3.199063028315469 3.376293002496214
2.52 0.6014030364745495 18.500879429881525 3.1868170349595646 3.366731356596553
2.53 0.60616052823267 18.63611731732976 3.1744565753857796 3.357013127466044
2.54 0.6108844067108523 18.77125206208503 3.1619864260380814 3.347139542460898
2.55 0.6155431546972341 18.90626931121291 3.1494113988078927 3.3371118549411554
2.56 0.6201281523222323 19.041154676115106 3.136736339244139 3.326931344028115
2.57 0.6246972257938479 19.175893735574146 3.1239661247488657 3.316599314356464
2.58 0.629243294335476 19.310472038816457 3.111105662760917 3.306117095818914
2.59 0.6338437427719968 19.444875108586523 3.098159888926281 3.2954860433107416
2.6 0.6384320270678117 19.579088444236994 3.085133765258143 3.284707536465692
2.61 0.6429729923083272 19.713097524829603 3.072032278285766 3.2737829793904036
2.62 0.6474797449371 19.84688781224971 3.0588604371939727 3.2627138003924987
2.6299999 0.6520266102884906 19.980444754328694 3.0456232719537195 3.2515014517039704
2.6399999 0.6565888574933808 20.113753787976485 3.0323258314442154 3.240147409203282
2.6499999 0.6610501794430843 20.24680034232264 3.018973181568464 3.228653172129296
2.6599998 0.6654784504535199 20.379569841864065 3.0055704033617454 3.2170202627936604
2.6699998 0.6698593230496181 20.512047709617157 2.9921225910946734 3.2052502262883755
2.6799998 0.6742578854609786 20.644219370275724 2.978634850371618 3.193344630190064
2.69 0.6786262361336571 20.77607025337334 2.965112296225139 3.181305064258395
2.7 0.6829407920882189 20.907585796445968 2.9515600512070175 3.169133140132945
2.71 0.6872474120746656 21.03875144819658 2.937983243477172 3.156830491025751
2.72 0.6915497381411241 21.16955267166053 2.9243870048915093 3.1443987714091053
2.73 0.6958578433578955 21.299974947368593 2.9107764690884466 3.131839656701387
2.74 0.7001225291990487 21.43000377651102 2.8971567695758544 3.1191548429466494
2.75 0.7043393750633428 21.559624684090977 2.883533037819571 3.106346046496843
2.76 0.7085859289276575 21.688823222082885 2.8699104013330987 3.0934150036828654
2.77 0.7128014111653638 21.817584972578885 2.856293981770013 3.080363470488237
2.78 0.7169200015292357 21.945895550929023 2.8426888930204255 3.0671932222182376
2.79 0.7210546781102474 22.073740608878005 2.8291002393114106 3.0539060531642717
2.8 0.7251833173111593 22.201105837687212 2.8155331133123456 3.0405037762680025
2.81 0.7293062637563976 22.327976971250642 2.801992594246856 3.026988222781615
2.82 0.733374799954171 22.45433978919898 2.788483746010785 3.0133612419243403
2.83 0.7373886841637698 22.58018011999071 2.7750116152983435 2.999624700538549
2.84 0.741423151314788 22.705483843990397 2.761581229736353 2.985780482741738
2.85 0.7454452057271799 22.830236896532664 2.748197596027758 2.9718304895773384
2.86 0.7494113343838354 22.954425270970876 2.7348656981047523 2.957776638662357
2.87 0.7532750881503328 23.07803502171043 2.7215904952933014 2.9436208638330625
2.8799999 0.7571041116066696 23.20105226722044 2.70837692048873 2.929365114790292
2.8899999 0.7609435129870581 23.32346319303479 2.69522987834354 2.9150113567389067
2.8999999 0.7647319762931607 23.44525405472296 2.6821542434686805 2.900561570032009
2.9099998 0.7684606291678051 23.566411180851198 2.6691548586479286 2.8860177498059394
2.9199998 0.7721594805910698 23.6869209759161 2.6562365330680757 2.8713819056180245
2.9299998 0.7758653588843519 23.806769923254052 2.6434040405626225 2.8566560610845997
2.9399998 0.7795597174434594 23.92594458793299 2.6306621178733707 2.8418422535116687
2.95 0.7832821044235534 24.04443161961615 2.6180154629271155 2.826942533530801
2.96 0.7869882670184455 24.16221775539974 2.6054687331310054 2.811958964729
2.97 0.790711112588929 24.279289822627135 2.593026543685474 2.7968936232799115
2.98 0.7944562035578852 24.395634741672524 2.5806934659159344 2.7817485975752505
2.99 0.7982501649572229 24.511239528701246 2.568474025624361 2.766525987850176
3.0 0.8020215402063084 24.626091298394172 2.5563727014608073 2.7512279058158637
3.01 0.8057208036471082 24.74017726664997 2.5443939233159023 2.735856474283898
3.02 0.8093872743134982 24.853484753249354 2.5325420707346855 2.720413826794912
3.03 0.8129644450108539 24.966001184495354 2.520821471352691 2.704902107244484
3.04 0.8165097076831052 25.077714095814077 2.509236399354917 2.6893234695098616
3.05 0.8199944298236558 25.188611134325562 2.4977910739579494 2.6736800770761895
3.06 0.823403800601081 25.298680061383077 2.4864896579159517 2.6579741026621146
3.07 0.8267229401021133 25.40790875507312 2.475336256051842 2.6422077278453737
3.08 0.8299819283967275 25.516285212682686 2.464334913812605 2.6263831426899955
3.09 0.8332267957142891 25.62379755313018 2.453489615851439 2.6105025453706223
3.1 0.8364463654011978 25.730434019357578 2.442804284635073 2.594568141801259
3.11 0.8396460091301667 25.836182980688086 2.432282779078758 2.5785821452596225
3.12 0.8428181977466821 25.941032935143756 2.4219288932078777 2.5625467760152616
3.1299999 0.8459744600853453 26.04497251172424 2.411746354847915 2.5464642609565717
3.1399999 0.8490835926526984 26.14799047264501 2.401738824342398 2.5303368332205993
3.1499999 0.8521476974394849 26.25007571553835 2.3919098932996463 2.514166731819569
3.1599998 0.8551802091804789 26.351217275610622 2.382263083368992 2.497956201272477
3.1699998 0.8582912164664869 26.451404327760237 2.372801845046603 2.481707491233933
3.1799998 0.8614321600267667 26.550626188652043 2.363529556511291 2.4654228561268425
3.1899998 0.8645943647311063 26.648872318751767 2.3544495224912536 2.449104554773283
3.1999998 0.8677555609893496 26.74613232431463 2.3455649731615074 2.432754850028775
3.21 0.8709162137562285 26.84239595933212 2.3368790630728085 2.4163760084168335
3.22 0.8740211120907825 26.937653127435258 2.328394870112348 2.3999702997641577
3.23 0.8770926465559413 27.03189388375408 2.3201153944966526 2.383539996836476
3.24 0.8801202401835307 27.125108436726904 2.312043557796816 2.367087374980181
3.25 0.8830724587196571 27.21728714987554 2.3041822019967304 2.350614711756966
3.26 0.8859609914612087 27.308420543521244 2.296534088584196 2.334124286589907
3.27 0.8887666566386571 27.398499296467097 2.289101897675916 2.3176183804014703
3.28 0.891522080011296 27.48751424762682 2.281888227175738 2.301099275259974
3.29 0.8941920069596515 27.57545639760688 2.2748955919674723 2.2845692540256666
3.3 0.8968055410154374 27.662316910247053 2.2681264231412928 2.2680305999958863
3.31 0.8994140402384152 27.748087114107854 2.2615830672555326 2.2514855965560523
3.32 0.902000265203619 27.832758503914018 2.2552677856323604 2.2349365268287014
3.33 0.9045421977039331 27.91632274194985 2.24918275368933 2.218385673327062
3.34 0.907013087392904 27.998771659404095 2.243330060305235 2.2018353176090715
3.35 0.9094636350124792 28.08009725767129 2.237711707222152 2.1852877399327144
3.36 0.9119758060108059 28.160291709598983 2.2323296084824817 2.1687452189156122
3.37 0.9144552936274307 28.23934736069313 2.227185589901909 2.1522100311922374
3.3799999 0.91688893557613 28.317256730266948 2.2222813885782586 2.135684451079167
3.3899999 0.9192550815331851 28.394012512549224 2.2176186524362467 2.1191707502359987
3.3999999 0.9215804305650162 28.469607577737637 2.213198939808514 2.1026711973322865
3.4099998 0.9238857858690472 28.544034973005015 2.2090237190524986 2.0861880577154537
3.4199998 0.9261300323319475 28.617287923458317 2.205094368204056 2.069723593079953
3.4299998 0.9283446735253481 28.68935983304544 2.201412174667106 2.0532800611398834
3.4399998 0.9305477321987066 28.76024428541424 2.197978334939855 2.036859715302328
3.4499998 0.9327180981427814 28.829935044725005 2.1947939543774084 2.0204648043427107
3.46 0.9348552308551716 28.89842605640825 2.191860046991029 2.004097572084146
3.47 0.9369339104388128 28.96571144787658 2.1891775352836187 1.9877602570770678
3.48 0.9389464551659285 29.0317855291905 2.186747250122108 1.971455092280419
3.49 0.9409464798275835 29.09664279366795 2.1845699306459494 1.955184304747501
3.5 0.9429734495868711 29.16027791845341 2.1826462242123537 1.938950115309567
3.51 0.9450507656505809 29.222685765028626 2.1809766863779085 1.922754738267632
3.52 0.9471205708674842 29.2838613796823 2.1795617809165324 1.906600381081245
3.53 0.9491631437263103 29.343799993931224 2.1784018798736513 1.8904892440585999
3.54 0.951156901523326 29.402497024884482 2.1774972636570196 1.8744235200554031
3.55 0.9531942222178713 29.459948075569486 2.1768481211631547 1.8584053941684056
3.56 0.9551697903468603 29.516148935203496 2.176454549940177 1.8424370434341442
3.57 0.9571654560211164 29.571095579419065 2.176316556386454 1.8265206365309965
3.58 0.9591650999331546 29.624784170444695 2.1764340559851383 1.810658333479037
3.59 0.9611419116635183 29.67721105723046 2.1768068735742028 1.7948522853467617
3.6 0.96308855541475 29.72837277553449 2.1774347436521078 1.7791046339561538
3.61 0.9650375104925522 29.778266047958653 2.178317310718749 1.7634175115902992
3.62 0.9668990421279804 29.826887783935103 2.1794541296515972 1.7477930407052462
3.6299999 0.9687425073472511 29.874235079673923 2.180844666116797 1.7322333336389797
3.6399999 0.9706248018259445 29.920305218054356 2.1824882970149453 1.716740492327637
3.6499999 0.9725049621058864 29.965095668478725 2.1843843109616556 1.7013166080195439
3.6599998 0.97444480491984 30.00860408667726 2.1865319088020803 1.6859637609916307
3.6699998 0.9763471174944212 30.05082831446736 2.188930204159847 1.6706840202692168
3.6799998 0.9781761252113359 30.091766379468822 2.1915782240197523 1.655479443345863
3.6899998 0.9800022111046927 30.131416494775255 2.1944749093438403 1.6403520759045471
3.6999998 0.9817451969426406 30.169777058579193 2.1976191157211717 1.6253039515417773
3.7099998 0.9834513116755506 30.20684665375574 2.2010096140501836 1.6103370914922424
3.72 0.9850887774837879 30.242624047402494 2.2046450912541284 1.5954535043547786
3.73 0.9866851858285117 30.277108190333745 2.2085241510288913 1.5806551858205011
3.74 0.9882185642444596 30.310298216537984 2.212645314622713 1.565944118400699
3.75 0.9896961044068626 30.342193442585646 2.217007021647895 1.5513222711588963
3.76 0.9911039132650971 30.372793367003027 2.221607630924074 1.5367915994402819
3.77 0.9925379469017122 30.402097669598543 2.226445421352421 1.5223540446056445
3.78 0.994024183693391 30.430106210752854 2.231518592820598 1.5080115337644941
3.79 0.9955091308326396 30.456819030665788 2.23682526713839 1.493765979510339
3.8 0.9969489711192513 30.48223634856544 2.242363489003018 1.4796192796558074
3.81 0.9982814651533984 30.50635856187686 2.2481312269945017 1.465573316969453
3.82 0.9995611986242867 30.52918624535175 2.2541263745997764 1.45162995891395
3.83 1.0007875828797101 30.5507201501603 2.26034675126625 1.437791057383909
3.84 1.0019492558262861 30.570961202947117 2.2667901034833697 1.4240584484450867
3.85 1.003040739362874 30.589910504846692 2.273454105892399 1.410433952073544
3.86 1.0041057742170771 30.607569330462603 2.280336362423879 1.3969193718980153
3.87 1.00507854057458 30.62393912681412 2.287434407461927 1.3835164949386112
3.8799999 1.0060565782348139 30.63902151224275 2.2947457070356894 1.370227091349899
3.8899999 1.0070232866598352 30.652818275286897 2.3022676600367826 1.3570529141619183
3.8999999 1.0079325840185094 30.665331373519653 2.3099975994624686 1.3439956990231792
3.9099998 1.0088502720725985 30.676562932354507 2.3179327936844567 1.3310571639427087
3.9199998 1.009772412071477 30.686515243817304 2.3260704477422225 1.3182390090332285
3.9299998 1.0106743231756603 30.69519076528517 2.3344077046608103 1.305542916253862
3.9399998 1.0115770248878353 30.702592118190957 2.3429416467924753 1.2929705491547974
3.9499998 1.0123786481097918 30.70872208670328 2.351669297181745 1.2805235526174337
3.9599998 1.0131525208752337 30.713583616365323 2.3605876209531056 1.2682035526013813
3.97 1.0138658015513191 30.71717981271286 2.3696935267209285 1.2560121558848065
3.98 1.0145342229452892 30.71951393985618 2.3789838680216775 1.2439509498088268
3.99 1.0151931572604185 30.72058941903606 2.3884554447664597 1.2320215020201166
4.0 1.0157561725510489 30.7204098271497 2.39810500471506 1.2202253602134112
4.0099998 1.0162565513728612 30.71897889524971 2.407929244969403 1.2085640518743244
4.02 1.0167502409844822 30.716300507015273 2.4179248134869815 1.1970390840213108
4.0299997 1.0172370227909524 30.712378697197764 2.4280883106129494 1.1856519429466204
4.04 1.0177923637358965 30.707217650038068 2.4384162906305913 1.1744040939584144
4.0499997 1.0183635387037047 30.70082169766153 2.4489052633296473 1.1632969811214637
4.06 1.018971907104707 30.69319531844752 2.459551695591546 1.1523320269957298
4.0699997 1.0195853047589254 30.68434313537108 2.470352012991317 1.1415106323784647
4.08 1.0202344592199513 30.674269914328168 2.481302601415284 1.1308341760413212
4.0899997 1.0209331327788609 30.662980562432598 2.492399808694045 1.1203040144690772
4.1 1.0215960162620967 30.650480126294045 2.5036399462498524 1.1099214815970146
4.11 1.0222183053772942 30.636773790271803 2.515019290758282 1.099687888548576
4.12 1.0228457038612973 30.621866874712975 2.5265340858227 1.0896045233694527
4.13 1.0234505383873365 30.605764834163217 2.538180543661612 1.0796726507653105
4.14 1.0240173870929201 30.58847325556589 2.5499548468079025 1.069893511833947
4.15 1.024491034462603 30.56999785643798 2.561853149818917 1.0602683237993376
4.16 1.0249372030634707 30.550344483029477 2.573871580997685 1.050798279744598
4.17 1.0253883652041806 30.529519108463802 2.5860062441232126 1.0414845483432071
4.18 1.0258239151665278 30.507527830866458 2.5982532201901463 1.0323282735893662
4.19 1.0261801873098024 30.48437687147091 2.6106085691569 1.023330574528811
4.2 1.0264944226696504 30.460072572716452 2.6230683317008485 1.0144925449862212
4.21 1.0267967655352157 30.434621396324882 2.6356285309810947 1.0058152532943843
4.22 1.02705721023736 30.40802992137137 2.6482851744063574 0.9972997420194989
4.23 1.0272755687898387 30.380304842332507 2.6610342554087865 0.988947027689294
4.24 1.0274822348992778 30.35145296713254 2.673871755222058 0.9807581005161382
4.25 1.02764995539605 30.32148121516926 2.686793644662963 0.9727339241228589
4.2599998 1.0277841865246435 30.290396615333464 2.699795885916107 0.9648754352660567
4.27 1.0279760511609761 30.25820630401939 2.712874434320492 0.9571835435581235
4.2799997 1.0281246806951627 30.2249175231219 2.726025240156961 0.9496591311902891
4.29 1.0282290680258388 30.190537618026816 2.7392442504367436 0.9423030526543665
4.2999997 1.0283575732919599 30.15507403559582 2.752527410688471 0.935116134462639
4.31 1.028530300137449 30.11853432213878 2.7658706667443522 0.9280991748705645
4.3199997 1.0286393793962563 30.08092612138446 2.779269966523846 0.9212529435961202
4.33 1.0287513832599477 30.0422571724427 2.7927212618137407 0.9145781815410382
4.3399997 1.0289139115330512 30.0025353077636 2.8062205100444424 0.9080756005106807
4.35 1.0290310715084874 29.961768451090467 2.8197636760603895 0.9017458829355937
4.36 1.0290468666952135 29.919964615409253 2.833346733884921 0.8955896815935397
4.37 1.0290283767851642 29.877131900897467 2.8469656684772335 0.8896076193303607
4.38 1.029069623141972 29.83327849286875 2.8606164774817326 0.8838002887836836
4.39 1.029124470727134 29.78841265971658 2.874295172967208 0.8781682521080066
4.4 1.0291553852587656 29.742542750857552 2.8879977831563273 0.8727120406999637
4.41 1.029183255212773 29.69567719467684 2.901720354143153 0.8674321549249572
4.42 1.0291344575188686 29.647824496469404 2.9154589515981355 0.86232906384909
4.43 1.0290392800515176 29.59899323638777 2.9292096624592423 0.857403204969941
4.44 1.0289617786906762 29.54919206739143 2.9429685966083166 0.8526549839520607
4.45 1.0289491807467277 29.498429713194703 2.956731888530747 0.8480847743662354
4.46 1.0289680616968018 29.44671496622571 2.9704956989585773 0.8436929174304759
4.47 1.0290201464432174 29.394056685582544 2.9842562164939985 0.8394797217577508
4.48 1.029100747479732 29.340463795002254 2.9980096592142376 0.8354454631046401
4.49 1.0291314923941348 29.28594528082746 3.01175227625404 0.8315903841297616
4.5 1.0291359346300544 29.2305101899856 3.025480349367188 0.8279146941538135
4.5099998 1.0291368751919976 29.174167627974743 3.0391901944631377 0.8244185689269461
4.52 1.029118904585447 29.11692675685429 3.0528781631197175 0.821102150404012
4.5299997 1.029059877794945 29.058796793247414 3.0665406440692213 0.8179655465248953
4.54 1.028979215446058 28.999787006353138 3.0801740646572195 0.8150088310035887
4.5499997 1.0289209341222314 28.939906715964916 3.0937748922728825 0.8122320431258601
4.56 1.0288908377873272 28.879165290505558 3.107339635748615 0.8096351875544988
4.5699997 1.028866859781789 28.81757214506688 3.120864846729492 0.8072182341460276
4.58 1.028834908258356 28.755136739467353 3.1343471210093616 0.804981117774971
4.5899997 1.0287921611230408 28.6918685763192 3.1477830998339216 0.8029237381705319
4.6 1.0286959530517439 28.62777719911014 3.1611694711682996 0.8010459597633397
4.61 1.0285846450363072 28.562872190295252 3.1745029709289767 0.7993476115467998
4.62 1.0284775763375555 28.497163169411625 3.1877803841784114 0.797828486945096
4.63 1.0283052421374679 28.430659791199048 3.2009985462810566 0.7964883437005349
4.64 1.0280896987536936 28.363371743741528 3.2141543440201037 0.7953269037705043
4.65 1.0278992379797462 28.29530874662278 3.2272447166739227 0.7943438532407288
4.66 1.027660902099755 28.2264805491003 3.240266657050376 0.793538842251974
4.67 1.0274418810366197 28.15689692829463 3.253217212479308 0.7929114849421838
4.68 1.0272432101351328 28.086567687397704 3.2660934857609574 0.7924613594060138
4.69 1.0270496151402462 28.01550265389989 3.278892636070501 0.7921880076684217
4.7 1.0268728748593716 27.943711677832283 3.291611879817547 0.7920909356783985
4.71 1.026729355983186 27.87120463003332 3.304248491459118 0.7921696133162135
4.72 1.0265758924770358 27.79799140043122 3.316799804266825 0.7924234744220243
4.73 1.0264363116083461 27.724081896345048 3.3292632110458382 0.7928519168425668
4.74 1.0262784388590593 27.649486040813237 3.3416361648070425 0.7934543024934249
4.75 1.0260524901031913 27.57421377093295 3.353916179389944 0.7942299574456148
4.7599998 1.0257459091133256 27.498275036228872 3.3661008300371114 0.7951781720280167
4.77 1.025366597490391 27.421679797038152 3.378187753919268 0.7962982009514066
4.7799997 1.0249959152653703 27.344438022920393 3.3901746506111237 0.7975892634528156
4.79 1.024687715362334 27.26655969108621 3.4020592825164093 0.7990505434613321
4.7999997 1.024317421298619 27.188054784851335 3.4138394752440493 0.800681189783395
4.81 1.0239562892237566 27.108933292111363 3.4255131179335345 0.8024803163110878
4.8199997 1.0235958565272667 27.02920520383897 3.4370781635300847 0.8044470022507171
4.83 1.0233034605127456 26.948880512605534 3.4485326290095597 0.8065802923736829
4.8399997 1.0230485562779696 26.86796921112387 3.4598745955535573 0.8088791972902027
4.85 1.0227244081323983 26.78648129081745 3.4711022086740475 0.8113426937428747
4.8599997 1.0223677214811502 26.704426740407502 3.482213678288831 0.8139697249250466
4.87 1.0219949675407558 26.62181554453003 3.493207278746899 0.8167592008199647
4.88 1.0215720840338254 26.538657682371543 3.5040813488050744 0.8197099985623438
4.89 1.021095579573871 26.45496312633084 3.514834291555808 0.8228209628230054
4.9 1.0206827349069112 26.370741840703687 3.5254645743066177 0.8260909062157704
4.91 1.0202653940869135 26.286003780392704 3.535970728412105 0.8295186097251289
4.92 1.0198208295999787 26.200758889638095 3.5463513490586904 0.8331028231594172
4.93 1.0193361769008695 26.11501710077598 3.5566050950026225 0.836842265623032
4.94 1.0188539898487239 26.028788333016568 3.5667306882631773 0.8407356260125196
4.95 1.0183729585040182 25.94208249124885 3.576726913769806 0.8447815635346894
4.96 1.0178910450421932 25.85490946486941 3.5865926189657147 0.8489787082443261
4.97 1.0174406513060203 25.76727912663132 3.596326713368219 0.8533256616071553
4.98 1.0170227668685485 25.679201331520794 3.605928168086741 0.8578209970806079
4.99 1.0166166484325965 25.59068591565463 3.6153960152993387 0.862463260718003
5.0 1.0161779600957916 25.501742695200356 3.624729347688536 0.8672509717933133
5.0099998 1.0156819368325112 25.41238146532352 3.6339273178386606 0.8721826234448046
5.02 1.0151608998195778 25.322611999153644 3.6429891375942796 0.877256683340785
5.0299997 1.0146592403451558 25.23244404677343 3.651914077381751 0.8824715943655453
5.04 1.0141475293998654 25.14188733423489 3.660701465494731 0.8878257753227545
5.0499997 1.0135695317140836 25.050951562593124 3.669350687345028 0.89331762165964
5.06 1.0129724210413258 24.959646406963557 3.677861184680101 0.898945506210528
5.0699997 1.01237671675175 24.867981515603258 3.6862324547674965 0.9047077799574317
5.08 1.0117972486363032 24.775966509011543 3.694464049549347 0.9106027728092864
5.0899997 1.0111643675551367 24.683610979052634 3.7025555747658774 0.9166287943997022
5.1 1.010558215973512 24.59092448810273 3.710506689051473 0.9227841348991538
5.1099997 1.0099535555064478 24.49791656821199 3.7183171030028257 0.9290670658481168
5.12 1.0093874991669511 24.404596720293554 3.725986578221825 0.9354758410025593
5.13 1.0088748644251693 24.310974413328555 3.733514926333228 0.9420086971972526
5.14 1.0083893332128708 24.217059083593266 3.7409020079800333 0.9486638552244084
5.15 1.007880635572746 24.122860133907032 3.748147731795998 0.9554395207259754
5.16 1.0073214727984747 24.028386932896822 3.755252053358793 0.9623338851019455
5.17 1.0067164940481086 23.933648814283046 3.762214974122875 0.9693451264313895
5.18 1.0060371637486962 23.838655076184505 3.7690365403354598 0.976471410406965
5.19 1.005350666240234 23.74341498044171 3.77571684193588 0.9837108912821811
5.2 1.004677500520632 23.64793775195624 3.7822560114389137 0.9910617128326137
5.21 1.004004309492853 23.552232578051616 3.7886542228059383 0.9985220093261586
5.22 1.0034015949854531 23.45630860784958 3.7949116903022193 1.0060899065065618
5.23 1.002859419116018 23.360174951662366 3.801028667343818 1.0137635225885402
5.24 1.0022813189407236 23.263840680405874 3.8070054453342808 1.0215409692602078
5.25 1.0017251846192585 23.167314825024047 3.8128423524929254 1.0294203526985943
5.2599998 1.0011457442097065 23.070606375934045 3.8185397526757288 1.0373997745926544
5.27 1.000525591888095 22.97372428248469 3.8240980441903347 1.0454773331747775
5.2799997 0.9998929296747706 22.876677452430307 3.829517658605951 1.0536511242624154
5.29 0.9992471476809361 22.779474751421997 3.8347990595598405 1.0619192423047283
