0.0 0.9999999999999998 0.0
0.025 0.9896972848934567 0.1398565291682766
0.05 0.9590433635019101 0.27655757875076287
0.075 0.9087934665554492 0.4070325575085931
0.1 0.8401817620925087 0.5283779632807625
0.125 0.7548854087124908 0.6379343063897306
0.15 0.6549759512364478 0.7333553578273048
0.175 0.5428596998957191 0.8126676022316376
0.2 0.4212090926400172 0.8743181283732613
0.22500001 0.29288732235249526 0.9172096031203144
0.25 0.1608687066188521 0.940721432057747
0.275 0.028157380786591205 0.9447166928945655
0.3 -0.10229309720324041 0.9295349174998646
0.32500002 -0.22765672797839726 0.8959712758692292
0.35 -0.3453063107508392 0.8452431623693708
0.375 -0.452876870309514 0.7789455846599521
0.4 -0.5483195228003176 0.6989970944332361
0.425 -0.6299444099402943 0.6075782650627186
0.45000002 -0.6964517471858956 0.5070649061891485
0.475 -0.7469504680547084 0.3999583045067878
0.5 -0.7809643867138655 0.2888147924950514
0.52500004 -0.7984262269436975 0.1761768751044451
0.55 -0.7996602616541545 0.06450799435025945
0.575 -0.7853546590636439 -0.04386720770364618
0.6 -0.7565249275835536 -0.14681554455357146
0.625 -0.7144700823025184 -0.24243959854195712
0.65000004 -0.6607233157139213 -0.3291127830042862
0.675 -0.5969990411644318 -0.4055046113180018
0.7 -0.5251381898013839 -0.4705959973614404
0.725 -0.44705358398192435 -0.5236847635636032
0.75 -0.3646770883478934 -0.564381856541729
0.77500004 -0.2799100625891515 -0.592599055070203
0.8 -0.19457841769667525 -0.608529191839817
0.825 -0.11039332193502104 -0.6126200927204172
0.85 -0.028918326252371934 -0.6055435612831842
0.875 0.0484566060637913 -0.5881608011217271
0.90000004 0.12053396188161064 -0.5614856755766782
0.925 0.18632049561233222 -0.5266471577301272
0.95 0.24503230596226622 -0.48485222895737845
0.975 0.296093685625909 -0.4373503495194248
1.0 0.3391304279649793 -0.3854004584646231
1.025 0.37395840267614394 -0.33024127201365866
1.0500001 0.4005682961935072 -0.2730654493905577
1.075 0.41910745248926196 -0.21499799226127464
1.1 0.42985974833930013 -0.1570790474177496
1.125 0.43322439799371226 -0.10025109994293484
1.15 0.42969451087522487 -0.04535038234143651
1.1750001 0.41983612875972465 0.006897810967041382
1.2 0.4042683528261193 0.0558803214409176
1.225 0.3836450431840049 0.10109433043589007
1.25 0.35863844104915993 0.14214310881021025
1.275 0.32992493322559957 0.17872986738724048
1.3000001 0.2981730558087116 0.21065025258137904
1.325 0.2640337239185523 0.23778399731620803
1.35 0.2281325805553791 0.26008618439134346
1.375 0.1910642828851383 0.2775785125646986
1.4 0.1533884897354905 0.2903408798570859
1.4250001 0.11562727996859938 0.29850351889867194
1.45 0.07826371678883502 0.3022398401144634
1.475 0.04174127612706649 0.3017600642272627
1.5 0.006463875483094927 0.2973056592699273
1.525 -0.02720373004273046 0.28914454155884073
1.5500001 -0.05893537867988505 0.277566956538482
1.575 -0.08844290956887717 0.26288192485229406
1.6 -0.11547565018535323 0.24541412140482766
1.625 -0.13982004129374215 0.22550104980815816
1.65 -0.161299415207073 0.2034903801033016
1.6750001 -0.17977390689712433 0.1797373322061468
1.7 -0.19514044844429523 0.15460200903283683
1.725 -0.20733277633706101 0.12844660944669667
1.75 -0.2163213685378485 0.10163247977069424
1.775 -0.22211322379939308 0.07451699148911112
1.8000001 -0.2247513987544011 0.04745026002369932
1.825 -0.22431422775480622 0.020771743542503104
1.85 -0.22091416498620423 -0.0051932195456854775
1.875 -0.2146962065571237 -0.030136861223103713
1.9 -0.2058358705456596 -0.05377234043210461
1.9250001 -0.1945367339141104 -0.07583691991990398
1.95 -0.1810275454479646 -0.09609487941176066
1.975 -0.16555895231207055 -0.11434008745320004
2.0 -0.14839989356317426 -0.13039816430830486
2.025 -0.12983372640303317 -0.14412818116607343
2.05 -0.11015415976251124 -0.15542385559995134
2.075 -0.08966107489622065 -0.16421421877493833
2.1000001 -0.06865631419115474 -0.17046374540779033
2.125 -0.04743951769208988 -0.17417195218858572
2.15 -0.02630408240287315 -0.17537248365256494
2.175 -0.0055333128069359255 -0.174131715909845
2.2 0.01460317712806131 -0.17054691793480212
2.2250001 0.033852759336114556 -0.16474401719172668
2.25 0.051982742850675494 -0.15687502128157316
2.275 0.06878294871372886 -0.14711515020889468
2.3 0.08406788552746139 -0.13565973504807682
2.325 0.0976785108971197 -0.12272093854625751
2.3500001 0.10948357145656666 -0.10852435186843287
2.375 0.11938052067739278 -0.09330551958934045
2.4 0.1272960192642695 -0.07730644245249371
2.425 0.13318602772471347 -0.06077210458208025
2.45 0.13703550480419827 -0.043947068917493656
2.4750001 0.13885772905063992 -0.02707218174544419
2.5 0.13869326396674617 -0.010381424369879735
2.525 0.13660859015542492 0.005901052830070364
2.55 0.13269443065960174 0.021563681505853305
2.575 0.1270637983982743 0.03640998205676278
2.6000001 0.11984979721532109 0.050260799488101034
2.625 0.11120321055313301 0.06295624529149382
2.65 0.10128991406987366 0.07435732591561893
2.675 0.0902881505407632 0.08434724245231455
2.7 0.07838570700953396 0.09283235058747631
2.7250001 0.06577703527392262 0.09974277461770212
2.75 0.05266035729753283 0.10503267433502536
2.775 0.03923479696032441 0.10868016872485353
2.8 0.025697578642220584 0.11068692557527622
2.825 0.012241331465214056 0.1110774311155955
2.8500001 -0.0009484643776007059 0.10989795854314524
2.875 -0.01369585584333066 0.1072152586243506
2.9 -0.025836590092531784 0.1031149993513601
2.925 -0.03722005676503888 0.09769998480836725
2.95 -0.04771097831348039 0.09108818589172972
2.9750001 -0.05719083187436844 0.08341061730776224
3.0 -0.06555899086996922 0.07480909634601961
3.025 -0.0727335791956814 0.06543391932668212
3.05 -0.07865203535498165 0.05544149140365361
3.075 -0.08327138817691283 0.0449919446411615
3.1000001 -0.08656824973330854 0.03424677805003276
3.125 -0.08853853473150435 0.023366551649979063
3.15 -0.08919691898068545 0.012508664689751172
3.175 -0.08857605251962195 0.001825245970480629
3.2 -0.08672554566391405 -0.008538818172615231
3.2250001 -0.08371074859956903 -0.01844769523535775
3.25 -0.07961134723249341 -0.02777623697285277
3.275 -0.07451979980928858 -0.036411411460358895
3.3 -0.06853964035238717 -0.04425352234936438
3.325 -0.06178367618908026 -0.05121720401325571
3.3500001 -0.0543721077751105 -0.057232184541879755
3.375 -0.046430599586025266 -0.062243811927307595
3.4 -0.0380883310353974 -0.06621334225586183
3.425 -0.029476056140782365 -0.06911799224005642
3.45 -0.020724199964778207 -0.07095076192874425
3.4750001 -0.011961018690969785 -0.07172003685064574
3.5 -0.003310848551488658 -0.0714489820914287
3.525 0.005107533275771416 -0.07017474378870046
3.55 0.013182415193689172 -0.0679474761655376
3.575 0.020810507388152252 -0.06482921443335783
3.6000001 0.027898133077834557 -0.060892615616744736
3.625 0.0343622434635308 -0.056219590545852294
3.65 0.04013124835983181 -0.05089985091203461
3.675 0.04514565776284042 -0.04502939540349844
3.7 0.04935853271593699 -0.03870895857224799
3.7250001 0.052735746694395486 -0.03204244529850514
3.75 0.055256061274877706 -0.025135372600809763
3.775 0.05691102205148727 -0.01809333918766233
3.8 0.05770468260078581 -0.011020541661249529
3.825 0.05765316580901005 -0.0040183547600344165
3.8500001 0.05678407310774515 0.0028160084569029856
3.875 0.05513575319236416 0.00939074197097466
3.9 0.05275644270547231 0.015620584470495791
3.925 0.04970329224175354 0.021427837247215205
3.95 0.04604129194748836 0.02674325134776416
3.9750001 0.041842112003155386 0.031506774111440074
4.0 0.037182874415931426 0.03566814643191583
4.025 0.032144873797824346 0.03918734348973686
4.05 0.026812266110499878 0.04203485341605721
4.0750003 0.02127074562463195 0.044191790450743014
4.1 0.015606231439024468 0.04564984170405143
4.125 0.009903585675767403 0.04641104963197917
4.15 0.004245385742555769 0.046487435749987205
4.175 -0.001289227333707206 0.04590047483922207
4.2000003 -0.006625603689858896 0.04468043278658159
4.225 -0.011694523812239253 0.04286558503552051
4.25 -0.01643300645885474 0.04050133615783972
4.275 -0.02078497361681944 0.037639264013356426
4.3 -0.02470176556347742 0.03433611406748451
4.3250003 -0.028142504473838002 0.030652770432134383
4.35 -0.031074310714832937 0.026653229877596912
4.375 -0.03347238163808514 0.02240360330122679
4.4 -0.035319947927673734 0.017971165898592833
4.425 -0.03660812695571557 0.0134234726439768
4.4500003 -0.03733569573443172 0.008827549852705317
4.475 -0.03750880756267001 0.004249166894568273
4.5 -0.03714067606422159 -0.00024781500390029943
4.525 -0.03625124783871191 -0.004602026956499012
4.55 -0.0348668803742522 -0.008755126026597056
4.5750003 -0.03302003535362005 -0.012652299666348614
4.6 -0.030748989350652116 -0.01624276549560429
4.625 -0.028097554665602653 -0.01948029159094722
4.65 -0.025114793352524332 -0.022323760293443434
4.675 -0.021854698142537536 -0.02473779334253105
4.7000003 -0.018375805842800515 -0.0266934479010906
4.725 -0.014740702798131743 -0.028168981994977714
4.75 -0.011015379008052424 -0.02915067454870025
4.775 -0.007268388254172853 -0.02963367031100863
4.8 -0.0035697766874087096 -0.02962280451443234
4.8250003 1.0247921167772347e-5 -0.029133347273836954
4.85 0.0034029196264287343 -0.028191594799873966
4.875 0.006542785022069394 -0.026835224830833188
4.9 0.009369813339970832 -0.02511332857503518
4.925 0.011831693010141158 -0.02308603206799304
4.9500003 0.013886235518603853 -0.020823627104505422
4.975 0.01550378166325806 -0.018405146388638143
5.0 0.01666948196608557 -0.015916339416792186
5.025 0.017385304052792615 -0.013447034548934806
5.05 0.017671607237076562 -0.011087907885852039
5.0750003 0.017568120171246645 -0.008926719580298186
5.1 0.017134162780050925 -0.007044121186759762
5.125 0.016447969884537648 -0.005509181275097791
5.15 0.015605001502286223 -0.004374818129111651
5.175 0.014715163685029155 -0.003673365038129036
5.2000003 0.013898913112597852 -0.0034125225257730656
5.225 0.013282276943224564 -0.0035719700215041663
5.25 0.012990884329492428 -0.004100914450155385
5.275 0.013143174576490557 -0.004916842969133986
5.3 0.013843015605874094 -0.005905720268550984
5.3250003 0.015172031242540697 -0.006923826934346664
5.35 0.01718199268131301 -0.007801374765532671
5.375 0.019887674140092234 -0.008347959052011354
5.4 0.023260601226893305 -0.008359819106912926
5.425 0.027224129498910253 -0.007628780244616612
5.4500003 0.03165027736997851 -0.005952647228569639
5.475 0.036358700189967744 -0.0031467160343210355
5.5 0.04111813038889421 0.0009440268552698488
5.525 0.04565052275280604 0.006432534677587895
5.55 0.049638036246915845 0.013377746360729376
5.5750003 0.05273285776534175 0.021773681143524296
5.6 0.05456973350927711 0.03154023429204538
5.625 0.05478092627344498 0.04251631510354656
5.65 0.053013168582240006 0.054455923984598115
5.675 0.04894603983041274 0.06702768701481691
5.7000003 0.042311068110620104 0.07981825493138854
5.725 0.03291075192008251 0.09233983154107883
5.75 0.02063662059611357 0.10404192860750994
5.775 0.005485411386485711 0.11432725636755384
5.8 -0.012427559537330926 0.12257145857541599
5.8250003 -0.03285871177129568 0.12814619712208117
5.85 -0.05543099266979221 0.13044489342218446
5.875 -0.07963380594010398 0.1289102518832944
5.9 -0.10482856261026156 0.12306253477012806
5.925 -0.13026013058538205 0.11252743695393394
5.9500003 -0.15507422075141902 0.0970623316082171
5.975 -0.1783404898083004 0.07657963052230973
6.0 -0.19908087341322786 0.05116603001271173
6.025 -0.21630239956146532 0.021096497747632087
6.05 -0.2290334837568517 -0.013158003080718232
6.0750003 -0.23636248674601837 -0.05092986084055412
6.1 -0.23747713411757626 -0.09136179924088035
6.125 -0.23170326540395778 -0.13342178007441924
6.15 -0.21854130720499299 -0.17592579449713686
6.175 -0.19769885674639204 -0.21756818259010763
6.2000003 -0.16911782298249337 -0.25695878776386155
6.225 -0.13299470266561586 -0.292665930603789
6.25 -0.08979276641074432 -0.32326389074853706
6.275 -0.04024518920486424 -0.3473833295371936
6.3 0.014651527456361458 -0.36376288343181434
6.3250003 0.07365413981609176 -0.371300019727931
6.35 0.13529916717705529 -0.36909918046688844
6.375 0.1979388364697767 -0.35651525348879487
6.4 0.2597855909806894 -0.33319050365373987
6.425 0.3189639149919895 -0.2990832713510629
6.4500003 0.3735678895202598 -0.25448699489778814
6.475 0.4217226097536003 -0.20003843024302442
6.5 0.4616473757217499 -0.13671431432603126
6.525 0.49171842524286546 -0.06581613352860179
6.55 0.5105289202822414 0.011056900203816791
6.5750003 0.5169439290745608 0.09204611343513928
6.6 0.5101482675100952 0.1750818837217982
6.625 0.48968527133969186 0.2579409972650913
6.65 0.45548485892579477 0.3383110826166218
6.675 0.40787960225675146 0.41386004675577653
6.7000003 0.3476079383466756 0.48230820995462115
6.725 0.27580410801501354 0.541500690965558
6.75 0.1939748865608862 0.5894775411028741
6.775 0.10396365209531921 0.6245391678373935
6.8 0.007902803061965651 0.6453047247286238
6.8250003 -0.09184403189534414 0.6507613700966984
6.85 -0.19274816837295955 0.6403026032728002
6.875 -0.2921882880580137 0.613754262684906
6.9 -0.3875267366080353 0.5713871997136657
6.925 -0.47618717991178094 0.5139161092667095
6.9500003 -0.5557310485196885 0.4424844839801682
6.975 -0.6239302427839738 0.3586361448088065
7.0 -0.6788337070195869 0.264274267610531
7.025 -0.7188257037217305 0.16160925522663636
7.05 -0.7426739190215887 0.053097181277800776
7.0750003 -0.7495658955854967 -0.05862915841172684
7.1 -0.7391327040891508 -0.17083431910339372
7.125 -0.7114592124990924 -0.28075699126954207
7.15 -0.6670807759296528 -0.38568702496938895
7.175 -0.6069666308363183 -0.48304025699294917
7.2000003 -0.5324907183032326 -0.5704288228881027
7.225 -0.44539106597830247 -0.6457248353844536
7.25 -0.3477192124954353 -0.7071155802245258
7.275 -0.2417814501340631 -0.7531487077961929
7.3 -0.13007388200041337 -0.7827662700997738
7.3250003 -0.015213433319745508 -0.7953268520886407
7.35 0.10013298006777029 -0.7906154583333155
7.375 0.21331893851799932 -0.7688412244374114
7.4 0.32178656411865647 -0.7306234126221892
7.425 0.42313018795958673 -0.6769665087172569
7.4500003 0.5151539213858072 -0.6092255516636444
7.475 0.5959216814047065 -0.529063087066607
7.5 0.6637985246911284 -0.43839933642982276
7.525 0.7174824721351927 -0.3393573093046105
7.55 0.7560263432947366 -0.23420465531471069
7.5750003 0.778849454511846 -0.12529405816318362
7.6 0.7857393537956723 -0.01500391805444745
7.625 0.7768440591783732 0.09431904160739972
7.65 0.752655526152335 0.2004137651578607
7.675 0.7139852870132262 0.30115417111318765
7.7000003 0.6619333756276846 0.3945927162160003
7.725 0.5978517726764038 0.47899740144776765
7.75 0.5233036783006838 0.5528816544708091
7.775 0.44001994281489254 0.6150267712354826
7.8 0.349853965030788 0.6644968371524677
7.8250003 0.25473630655620527 0.7006462676945036
7.85 0.15663017512202984 0.7231203033810948
7.875 0.057488807297223776 0.731848960196375
7.9 -0.04078436195796941 0.7270350705920634
7.925 -0.1363720113299314 0.7091371509251982
7.9500003 -0.2275751570648062 0.6788478985615202
7.975 -0.3128408804129088 0.6370691573677234
8.0 -0.3907853054589837 0.5848841964796998
8.025001 -0.46021171846755105 0.5235281275230111
8.05 -0.5201238495218321 0.45435724396278043
8.075 -0.5697344496520134 0.3788180074299282
8.1 -0.6084693903092847 0.2984163342828454
8.125 -0.6359675864373562 0.21468775577797278
8.150001 -0.6520770999202341 0.12916894118631128
8.175 -0.656847818003232 0.043370988680890864
8.2 -0.6505211231489805 -0.041245193079160115
8.225 -0.6335169788760278 -0.12329116659763058
8.25 -0.6064188528507833 -0.20147073441481825
8.275001 -0.5699568863550886 -0.2745970813824872
8.3 -0.524989700648457 -0.3416072303583305
8.325 -0.47248520790425763 -0.40157379690433576
8.35 -0.41350076924790097 -0.4537140663702509
8.375 -0.34916301652974263 -0.4973964476014464
8.400001 -0.2806476290037949 -0.5321443824703787
8.425 -0.2091593318401419 -0.5576378106311397
8.45 -0.1359123607893777 -0.5737123054724579
8.475 -0.0621116164310202 -0.5803560112417541
8.5 0.01106528790059068 -0.5777045236210568
8.525001 0.08248489858052512 -0.5660338673419357
8.55 0.15107354609041798 -0.5457517351919328
8.575 0.21583157022067137 -0.5173871632196642
8.6 0.2758460126557729 -0.4815788271040855
8.625 0.33030166205248823 -0.4390621543432232
8.650001 0.37849035641086626 -0.3906554558204004
8.675 0.41981846857478133 -0.3372452880044244
8.7 0.45381252311181697 -0.27977126306804395
8.725 0.48012291648375455 -0.21921052809985733
8.75 0.4985257370559324 -0.15656213591587168
8.775001 0.5089227067122254 -0.0928315284054381
8.8 0.511339291156949 -0.02901534863697337
8.825 0.5059210508542125 0.033913210009451605
8.85 0.49292832841727435 0.09501832060338454
8.875 0.47272939056782937 0.15341452251033916
8.900001 0.44579216303501024 0.20827863860523146
8.925 0.4126747145231912 0.258860463686684
8.95 0.37401466080095813 0.3044920995053759
8.975 0.3305176718036511 0.3445958349448565
9.0 0.28294527325301505 0.3786904940597117
9.025001 0.2321021396322878 0.40639619938023036
9.05 0.17882307745539808 0.4274375226533647
9.075 0.1239598967530801 0.4416450195636907
9.1 0.06836836474587311 0.44895516857205797
9.125 0.012895429007619776 0.449408756486562
9.150001 -0.04163311170464717 0.44314777446096737
9.175 -0.094424322101324 0.43041090757544914
9.2 -0.14472907688682643 0.41152771881855604
9.225 -0.19185210046809154 0.38691164402426326
9.25 -0.23516097746954778 0.3570519280236606
9.275001 -0.2740940291637458 0.32250464387157357
9.3 -0.308166969345768 0.28388294644654005
9.325 -0.33697827230815325 0.24184671895273635
9.35 -0.3602132051894361 0.19709177583940124
9.375 -0.37764649684953483 0.15033878837135464
9.400001 -0.3891436353391008 0.1023220995194815
9.425 -0.394660805738739 0.05377859299443878
9.45 -0.3942434993995299 0.005436777143273323
9.475 -0.38802384416223634 -0.04199376188323431
9.5 -0.37621672270876355 -0.08783239172298575
9.525001 -0.3591147625471653 -0.13143681463164164
9.55 -0.33708229600168876 -0.17221167432233403
9.575 -0.3105484017404889 -0.2096162795408474
9.6 -0.2799991506212191 -0.2431713504714889
9.625 -0.24596918779895938 -0.27246471059172606
9.650001 -0.20903278999451516 -0.29715586397599525
9.675 -0.16979454148386838 -0.3169794159804978
9.7 -0.12887977471176867 -0.33174731340340535
9.725 -0.08692492147508274 -0.34134989829357915
9.75 -0.044567918433887736 -0.3457557872733039
9.775001 -0.0024388064036280225 -0.34501060526604166
9.8 0.03884934338973334 -0.339234618627324
9.825 0.07870905096819505 -0.32861932764847324
9.85 0.11658648169618815 -0.31342309205881874
9.875 0.15196882835448872 -0.2939658753500774
9.900001 0.18439092891780767 -0.2706232043799479
9.925 0.21344104088781327 -0.2438194497061086
9.95 0.23876570690212176 -0.21402053940926974
9.975 0.2600736607545806 -0.18172622475866929
10.0 0.27713873773850844 -0.1474620199452916
