-7.973333333333334 5.261991024626586e-16 -4.695812493143904e-16
-7.946666666666666 7.326373004591434e-16 -7.881738849956139e-16
-7.92 4.552576672804986e-16 -8.397276052617961e-16
-7.8933333333333335 -1.988941734868423e-16 -5.987421056962018e-16
-7.866666666666666 -8.94984503935543e-16 -1.5447751280167232e-16
-7.84 -1.2662827188329835e-15 3.125925714344144e-16
-7.8133333333333335 -1.1433696039903357e-15 5.979938906106556e-16
-7.786666666666667 -6.5715873425134945e-16 5.611913828111514e-16
-7.76 -1.3654117022904658e-16 2.0073723503494944e-16
-7.733333333333333 1.2514399571788085e-16 -3.1902178477668677e-16
-7.706666666666667 5.606395864045e-17 -7.184965342074451e-16
-7.68 -1.9291175248307345e-16 -7.354990061923946e-16
-7.653333333333333 -4.0784374505457616e-16 -2.9566617507094397e-16
-7.626666666666667 -4.729287839646659e-16 3.8136631490501744e-16
-7.6 -3.9712074812852985e-16 8.542249033198143e-16
-7.573333333333333 -2.277686820058844e-16 7.346471392143159e-16
-7.546666666666667 9.054715414354112e-18 1.475671631791142e-17
-7.52 2.642325498108475e-16 -8.27545672016459e-16
-7.493333333333333 4.106479626062087e-16 -1.124968174326628e-15
-7.466666666666667 3.2063776395292187e-16 -5.710723863896085e-16
-7.4399999999999995 4.1670650108064164e-17 4.344477492432031e-16
-7.413333333333333 -1.6467472072654002e-16 1.0433811575435613e-15
-7.386666666666667 -6.809224934859351e-17 7.049527557448814e-16
-7.36 2.1806652364314933e-16 -2.6170733834075805e-16
-7.333333333333333 2.769938747273737e-16 -9.004637180090902e-16
-7.306666666666667 -1.3476822531324322e-16 -5.455309492257591e-16
-7.28 -6.826746512197278e-16 4.536939654059631e-16
-7.253333333333333 -7.102050930409314e-16 1.0312840161444064e-15
-7.226666666666667 -1.2350493066944919e-17 5.15572460777426e-16
-7.2 7.781794414772858e-16 -6.093522955360381e-16
-7.173333333333333 8.106997774243907e-16 -1.1802656765843502e-15
-7.1466666666666665 3.74234839920817e-17 -6.161448597519628e-16
-7.12 -6.42494256792008e-16 4.24946040311992e-16
-7.093333333333334 -4.4008762960263134e-16 7.60411839451353e-16
-7.066666666666666 3.1707041648944657e-16 -7.294502453743593e-18
-7.04 5.76762266312483e-16 -1.0455453158277384e-15
-7.013333333333334 -5.870628225281763e-17 -1.19333387350297e-15
-6.986666666666666 -7.669585308022158e-16 -2.071604017990932e-16
-6.96 -5.689090488639677e-16 9.739222743280706e-16
-6.933333333333334 3.5921941988768435e-16 1.189716780416988e-15
-6.906666666666666 8.958155963446982e-16 2.5688319409666257e-16
-6.88 4.2175359976924235e-16 -8.046973272666943e-16
-6.8533333333333335 -4.434248626695242e-16 -8.24665256875186e-16
-6.826666666666666 -7.191219666128036e-16 1.6921844908928264e-16
-6.8 -2.634065262425703e-16 8.48299816125957e-16
-6.773333333333333 2.3732545402669595e-16 1.5394285671636443e-16
-6.746666666666666 2.3178230516275253e-16 -1.1765403516554928e-15
-6.72 -1.2512913923685104e-16 -1.3546885989772876e-15
-6.693333333333333 -3.0384001595220064e-16 -3.7248748894589e-17
-6.666666666666666 -3.2371191748233834e-17 8.749070399848239e-16
-6.64 4.0714152272431074e-16 -1.6077496291337972e-16
-6.613333333333333 4.370189264772133e-16 -1.7712260775756327e-15
-6.586666666666667 -1.2196843907953518e-16 -1.4003675310211666e-15
-6.56 -6.457789764113891e-16 6.802057398164965e-16
-6.533333333333333 -4.1651913188223713e-16 1.4074423299385178e-15
-6.506666666666667 2.416056527672124e-16 -3.6021085461542403e-16
-6.48 2.78123413822727e-16 -1.7685809595525173e-15
-6.453333333333333 -4.066226807423019e-16 -4.4243988528073836e-16
-6.426666666666667 -6.570434581443566e-16 1.4313479680258808e-15
-6.4 -8.539082459086436e-18 5.617877684375615e-16
-6.373333333333333 3.686763296330067e-16 -1.7717976671791686e-15
-6.346666666666667 -3.032045072154396e-16 -1.6517403879547415e-15
-6.32 -8.847022554335164e-16 7.700544060983897e-16
-6.293333333333333 -3.0306785010360086e-16 1.429129022299213e-15
-6.266666666666667 4.3809554701387336e-16 -5.468232683263766e-16
-6.24 8.029830784973436e-17 -1.3387313202918544e-15
-6.213333333333333 -6.198020929714044e-16 5.230866416170577e-16
-6.1866666666666665 -5.197073765051001e-16 1.387735591997755e-15
-6.16 -2.383718357423182e-16 -5.873069396067104e-16
-6.133333333333333 -4.59509176431071e-16 -1.655757465154996e-15
-6.1066666666666665 -2.1515093557841013e-16 5.107123726784336e-16
-6.08 8.084086385115311e-16 1.9767595657932914e-15
-6.053333333333333 8.688862749223666e-16 -3.511999754102598e-16
-6.026666666666666 -5.768065251818082e-16 -2.7331446518342133e-15
-6.0 -1.4612711629471547e-15 -1.5901410664782055e-15
-5.973333333333333 -1.2866304871390199e-15 -3.0754573796046256e-16
-5.946666666666666 -2.8631825890353853e-15 -2.1120835377986544e-15
-5.92 -7.605090202679793e-15 -2.3817929170177408e-15
-5.893333333333333 -1.3098764825850972e-14 4.432143501462715e-15
-5.866666666666667 -1.6575006320401095e-14 1.6906278595935462e-14
-5.84 -1.5506945183854042e-14 3.332994150440905e-14
-5.813333333333333 -2.98120728359623e-15 5.781261321381011e-14
-5.786666666666667 3.309545379088509e-14 8.948282034430677e-14
-5.76 1.0466093789956622e-13 1.1098363856055271e-13
-5.733333333333333 2.178777690417986e-13 9.277793537455218e-14
-5.706666666666667 3.655477603285971e-13 -1.515409207353534e-15
-5.68 5.125712059711197e-13 -2.1829388111749658e-13
-5.653333333333333 5.805399789411295e-13 -6.028861656792165e-13
-5.626666666666667 4.4258683358160114e-13 -1.1616780946544467e-12
-5.6 -6.476357326206103e-14 -1.819097906663936e-12
-5.573333333333333 -1.1038383642980305e-12 -2.3847128044083567e-12
-5.546666666666667 -2.762092193411531e-12 -2.5296246847996416e-12
-5.52 -4.9485984230802495e-12 -1.7976864465094452e-12
-5.493333333333333 -7.290419738832362e-12 3.058473025703027e-13
-5.466666666666667 -9.072163677764536e-12 4.145876654386154e-12
-5.4399999999999995 -9.264775532311689e-12 9.74778460904325e-12
-5.413333333333333 -6.6808965758604936e-12 1.6591464544307086e-11
-5.386666666666667 -2.6393105202862806e-13 2.347335997659476e-11
-5.359999999999999 1.0536959368259412e-11 2.8528151998639285e-11
-5.333333333333333 2.5408895752946957e-11 2.9466025994581013e-11
-5.306666666666667 4.2951483994393604e-11 2.3991455375680993e-11
-5.279999999999999 6.066892319523998e-11 1.0305346733209337e-11
-5.253333333333333 7.520115580446618e-11 -1.2425283572208312e-11
-5.226666666666667 8.274424804571052e-11 -4.374276978211322e-11
-5.199999999999999 7.9540408574525e-11 -8.178882337105983e-11
-5.173333333333334 6.231703155795507e-11 -1.233798110489663e-10
-5.1466666666666665 2.863476859129601e-11 -1.641639899234106e-10
-5.119999999999999 -2.2819297442145873e-11 -1.9879121443787254e-10
-5.093333333333334 -9.193615707895132e-11 -2.211072640702976e-10
-5.066666666666666 -1.7684841602039218e-10 -2.244199314886874e-10
-5.039999999999999 -2.73578056515913e-10 -2.0189910839973004e-10
-5.013333333333334 -3.757708223768719e-10 -1.4717067337873797e-10
-4.986666666666666 -4.746215515840985e-10 -5.506704661829151e-11
-4.96 -5.590243149027501e-10 7.759596964094999e-11
-4.933333333333334 -6.159220929227246e-10 2.512813467688928e-10
-4.906666666666666 -6.308168810163268e-10 4.630108318159069e-10
-4.88 -5.884408113244624e-10 7.056680324885968e-10
-4.8533333333333335 -4.736645115657601e-10 9.673420823033848e-10
-4.826666666666666 -2.72735813872504e-10 1.2307526792663498e-9
-4.8 2.5138852238363758e-11 1.4729303350654405e-9
-4.773333333333333 4.2594360818021323e-10 1.665341666181987e-9
-4.746666666666666 9.288336425246644e-10 1.7745038177112168e-9
-4.72 1.5240439641273483e-9 1.7631358561035516e-9
-4.693333333333333 2.1908155309219737e-9 1.5919837993691537e-9
-4.666666666666666 2.8954590206430693e-9 1.2224191737777337e-9
-4.64 3.589793096542891e-9 6.199139040338663e-10
-4.613333333333333 4.21032503928475e-9 -2.415131187490794e-10
-4.586666666666666 4.67856654912569e-9 -1.3739998237271888e-9
-4.56 4.902839451504521e-9 -2.769965609074699e-9
-4.533333333333333 4.78193329899801e-9 -4.395914586027133e-9
-4.506666666666666 4.210986811233958e-9 -6.18634043934129e-9
-4.48 3.089917834901216e-9 -8.038422190328787e-9
-4.453333333333333 1.3346095155277067e-9 -9.808371292799992e-9
-4.426666666666666 -1.1092250166649884e-9 -1.1310515095672941e-8
-4.4 -4.249997872322193e-9 -1.2320368586818795e-8
-4.373333333333333 -8.032899379199188e-9 -1.2582881926963072e-8
-4.346666666666666 -1.2322570780719218e-8 -1.1826984682792373e-8
-4.32 -1.6887759471100946e-8 -9.787425858603967e-9
-4.293333333333333 -2.1390556294179595e-8 -6.234378655729201e-9
-4.266666666666667 -2.5383344676916187e-8 -1.0104337697662115e-9
-4.24 -2.831697684893953e-8 5.926424866038817e-9
-4.213333333333333 -2.9563684329423962e-8 1.4456660746408291e-8
-4.1866666666666665 -2.8457783548591492e-8 2.4254244253138296e-8
-4.16 -2.4356315459721558e-8 3.4748930274127556e-8
-4.133333333333333 -1.6719982560145764e-8 4.51034328365504e-8
-4.1066666666666665 -5.212046951900733e-9 5.4214490902051015e-8
-4.08 1.0190568107875834e-8 6.074712205800533e-8
-4.053333333333333 2.9083822748278524e-8 6.321061340985677e-8
-4.026666666666666 5.053500549790542e-8 6.008258232950032e-8
-4.0 7.301148126236541e-8 4.9983072025767114e-8
-3.9733333333333327 9.436140231311393e-8 3.1894215262607054e-8
-3.9466666666666663 1.1186924318572087e-7 5.412539599663205e-9
-3.92 1.2240704321951112e-7 -2.8989263303599832e-8
-3.8933333333333326 1.2269628862810314e-7 -6.972496311165101e-8
-3.8666666666666663 1.0968449354282413e-7 -1.139253589195582e-7
-3.84 8.102441778106062e-8 -1.5738731305338288e-7
-3.8133333333333335 3.5623123236678314e-8 -1.946931778305737e-7
-3.786666666666666 -2.5795841306156784e-8 -2.1954578070065334e-7
-3.76 -1.0019791437581064e-7 -2.2534729445107482e-7
-3.7333333333333334 -1.819114403784288e-7 -2.060218038499799e-7
-3.706666666666666 -2.625817599334704e-7 -1.570414285931184e-7
-3.6799999999999997 -3.315131537155037e-7 -7.656723768109557e-8
-3.6533333333333333 -3.7648179341364604e-7 3.343622505683551e-8
-3.626666666666666 -3.8505423061179804e-7 1.6630193906820857e-7
-3.5999999999999996 -3.463724624552866e-7 3.1019847213676816e-7
-3.5733333333333333 -2.532721615086715e-7 4.4833192151705e-7
-3.546666666666666 -1.0449483662511917e-7 5.600047245741614e-7
-3.5199999999999996 9.334693097865225e-8 6.226422019752709e-7
-3.493333333333333 3.2446814525840195e-7 6.147651082796519e-7
-3.466666666666667 5.637169521824934e-7 5.197093370684114e-7
-3.4399999999999995 7.778822653083971e-7 3.2968993472152665e-7
-3.413333333333333 9.287586746800572e-7 4.960642900423074e-8
-3.3866666666666667 9.779852556895045e-7 -3.001696362264545e-7
-3.3599999999999994 8.933494182063203e-7 -6.828485664290574e-7
-3.333333333333333 6.558686799718887e-7 -1.0468680723182903e-6
-3.3066666666666666 2.665896311533727e-7 -1.3306367168126195e-6
-3.2799999999999994 -2.4824786890633554e-7 -1.4704562357348431e-6
-3.253333333333333 -8.351543309770853e-7 -1.4111228093875953e-6
-3.2266666666666666 -1.4157839483238254e-6 -1.1180395150409322e-6
-3.1999999999999993 -1.8946790039292864e-6 -5.890286792002395e-7
-3.173333333333333 -2.1725092815207847e-6 1.3643977660929624e-7
-3.1466666666666665 -2.163934931195009e-6 9.730291170988e-7
-3.12 -1.8180847693837624e-6 1.792417056664437e-6
-3.093333333333333 -1.1385970209760862e-6 2.4344702266177373e-6
-3.0666666666666664 -1.99479952734288e-7 2.726444015144278e-6
-3.04 8.470101855968569e-7 2.5080425110881292e-6
-3.0133333333333328 1.77348163823784e-6 1.6580954255217698e-6
-2.9866666666666664 2.2927601677728383e-6 1.167210042613924e-7
-2.96 2.0840820942988363e-6 -2.1044216820459806e-6
-2.9333333333333327 8.254712677897007e-7 -4.931422592512945e-6
-2.9066666666666663 -1.775710486340211e-6 -8.263509344468475e-6
-2.88 -5.964833251568985e-6 -1.2038668006523454e-5
-2.8533333333333326 -1.1946969010499154e-5 -1.6330146499717933e-5
-2.826666666666666 -1.9930604747780896e-5 -2.1470595961777855e-5
-2.8 -3.021723495056685e-5 -2.8197261216806948e-5
-2.7733333333333334 -4.334108487365701e-5 -3.780997626612359e-5
-2.746666666666666 -6.0256782418569936e-5 -5.233484168675579e-5
-2.7199999999999998 -8.256597169928482e-5 -7.469111180262977e-5
-2.6933333333333334 -0.00011276818429697674 -0.00010886712994749803
-2.666666666666666 -0.0001545183882825819 -0.00016012240386968459
-2.6399999999999997 -0.0002128748539098961 -0.00023524546394805692
-2.6133333333333333 -0.0002945269112473738 -0.0003429085310284317
-2.586666666666666 -0.00040800233657319756 -0.0004941672957524173
-2.5599999999999996 -0.0005638667164498388 -0.0007031543852814423
-2.533333333333333 -0.0007749392351563583 -0.0009880061680806254
-2.506666666666666 -0.0010565571786150048 -0.0013720435396286392
-2.4799999999999995 -0.0014269212760553904 -0.001885199108800406
-2.453333333333333 -0.0019075429453582766 -0.002565648487563511
-2.4266666666666667 -0.0025237915709780488 -0.003461566422266321
-2.3999999999999995 -0.0033055067335518457 -0.004632894299542116
-2.373333333333333 -0.0042876013280724705 -0.006152978794891185
-2.3466666666666667 -0.005510543787389127 -0.008109925283196326
-2.3199999999999994 -0.007020579689923565 -0.010607504805554363
-2.293333333333333 -0.008869543246940835 -0.013765457699282665
-2.2666666666666666 -0.011114123826316965 -0.017719045721059968
-2.2399999999999993 -0.013814494175316603 -0.022617711583223347
-2.213333333333333 -0.01703227264186018 -0.028622704865231788
-2.1866666666666665 -0.020827873423869273 -0.03590352376032595
-2.1599999999999993 -0.025257384350391505 -0.04463300555725745
-2.133333333333333 -0.030369186445102395 -0.05498088378728471
-2.1066666666666665 -0.036200579945977925 -0.06710563113108839
-2.079999999999999 -0.04277469798702146 -0.08114444288294817
-2.053333333333333 -0.050097968775565466 -0.0972013045497478
-2.0266666666666664 -0.05815833450762258 -0.11533324281775995
-2.0 -0.06692436210827384 -0.13553508562377675
-1.9733333333333327 -0.07634530312553983 -0.1577233444780336
-1.9466666666666663 -0.0863520938802156 -0.18172015474595346
-1.92 -0.09685924393359875 -0.20723852688791913
-1.8933333333333326 -0.107767544311185 -0.23387042313773077
-1.8666666666666663 -0.11896752954331913 -0.2610793265599236
-1.8399999999999999 -0.13034363276266742 -0.28819896618976126
-1.8133333333333326 -0.1417789586029649 -0.31443967211090906
-1.7866666666666662 -0.15316054320311712 -0.3389034500003858
-1.7599999999999998 -0.16438486155454754 -0.36060830473449434
-1.7333333333333325 -0.1753631824589982 -0.3785216517321025
-1.706666666666666 -0.18602618255176134 -0.39160189753433017
-1.6799999999999997 -0.196327054013036 -0.39884652312045993
-1.6533333333333333 -0.20624222948990772 -0.399344339578481
-1.626666666666666 -0.21576885851540342 -0.39232906971049547
-1.5999999999999996 -0.2249183473916161 -0.37723108549003936
-1.5733333333333333 -0.2337056395346658 -0.3537240216800042
-1.546666666666666 -0.24213445111872892 -0.3217630903615907
-1.5199999999999996 -0.25017933375945683 -0.2816122231835991
-1.4933333333333332 -0.257766122767133 -0.23385764250034008
-1.466666666666666 -0.2647529335737876 -0.17940608244356335
-1.4399999999999995 -0.2709142728690047 -0.11946662306030881
-1.413333333333333 -0.2759309344408464 -0.05551594593609671
-1.3866666666666658 -0.2793880904120848 0.010752250164027092
-1.3599999999999994 -0.2807833577118261 0.07749194501009517
-1.333333333333333 -0.27954566846352663 0.1427808648126325
-1.3066666666666666 -0.27506460836738256 0.20470421273871628
-1.2799999999999994 -0.26672865668186896 0.26144150530837496
-1.253333333333333 -0.2539696304073129 0.3113513345600271
-1.2266666666666666 -0.23630976012523072 0.3530485817801795
-1.1999999999999993 -0.21340732760959435 0.38546873635420936
-1.173333333333333 -0.1850967439407002 0.4079145821699463
-1.1466666666666665 -0.1514193459691702 0.42008161150776263
-1.1199999999999992 -0.11264198095989299 0.42206005619573117
-1.0933333333333328 -0.06926152615677769 0.4143132658113775
-1.0666666666666664 -0.02199471325003539 0.39763413439887413
-1.0399999999999991 0.028246148694884447 0.3730831665501615
-1.0133333333333328 0.0803898654049019 0.34191336028140334
-0.9866666666666664 0.13325291470533676 0.3054881734379008
-0.96 0.1855927414087805 0.26519929418725896
-0.9333333333333327 0.2361643837846816 0.22239069517185164
-0.9066666666666663 0.2837770226602761 0.17829454525011879
-0.8799999999999999 0.32734726792660895 0.13398309881540763
-0.8533333333333326 0.36594638742904567 0.0903388662031456
-0.8266666666666662 0.39883918109840266 0.048043417507423754
-0.7999999999999998 0.4255127604336663 0.007583322926637645
-0.7733333333333325 0.44569407650290244 -0.030729802317412427
-0.7466666666666661 0.45935562883588715 -0.06672924208248338
-0.7199999999999998 0.46670937259698436 -0.10035770659935479
-0.6933333333333325 0.4681894146722824 -0.13163096769035518
-0.6666666666666661 0.4644246396579098 -0.1606045518891864
-0.6399999999999997 0.45620291531505536 -0.18734648426694628
-0.6133333333333333 0.44442896624419087 -0.21191789492107885
-0.586666666666666 0.4300783404815748 -0.2343620648422859
-0.5599999999999996 0.4141500917047966 -0.25470135408897443
-0.5333333333333332 0.39762083099173795 -0.272940546103594
-0.5066666666666659 0.38140265057476885 -0.2890745361517282
-0.47999999999999954 0.3663070895382521 -0.3030980190710939
-0.45333333333333314 0.3530168197473738 -0.3150148763524167
-0.42666666666666586 0.3420661202234074 -0.3248452737831931
-0.39999999999999947 0.3338305349835497 -0.33262898445820777
-0.3733333333333331 0.32852543592783606 -0.33842406530810726
-0.3466666666666658 0.32621260079207015 -0.342300660173521
-0.3199999999999994 0.3268134193787144 -0.3443303147796466
-0.293333333333333 0.33012699574087234 -0.3445717244050888
-0.2666666666666666 0.33585123533315425 -0.3430542699162526
-0.23999999999999932 0.3436049882549502 -0.33976102579183065
-0.21333333333333293 0.35294943841642745 -0.3346131490783435
-0.18666666666666654 0.36340714948425684 -0.3274576873728086
-0.15999999999999925 0.37447746842903673 -0.31806087716337633
-0.13333333333333286 0.3856473249975092 -0.30610892879954
-0.10666666666666647 0.39639684833341804 -0.2912180835835878
-0.07999999999999918 0.4061996672159278 -0.2729553424165436
-0.05333333333333279 0.41451829475778196 -0.25087066117872375
-0.026666666666666394 0.42079564186566965 -0.22454055309551368
0.0 0.4244444499958128 -0.19362192721545007
0.026666666666667282 0.42483723394541417 -0.15791366210387783
0.053333333333334565 0.4213000807511139 -0.1174219562698277
0.08000000000000007 0.413114216589659 -0.07242406009150969
0.10666666666666735 0.399529456313186 -0.023523775735521307
0.13333333333333464 0.3797933150529769 0.02830866096052888
0.16000000000000014 0.3531985470554206 0.08171980312615239
0.18666666666666742 0.31915011338826876 0.13498604788567156
0.2133333333333347 0.27725010151273 0.1860615273275607
0.2400000000000002 0.22739608734229066 0.2326631594439498
0.2666666666666675 0.1698851392333732 0.27239170067900376
0.293333333333333 0.1055125269445615 0.3028836560548013
0.3200000000000003 0.03565171118402116 0.32198484164841285
0.34666666666666757 -0.03769913346344251 0.32793276842816815
0.3733333333333331 -0.1119185055011768 0.31953235288365145
0.40000000000000036 -0.1838230580835138 0.2963082199768008
0.42666666666666764 -0.24979702815844523 0.25861736220921355
0.45333333333333314 -0.3059912084771199 0.20770825585656105
0.4800000000000004 -0.34858531327078757 0.14571656194784338
0.5066666666666677 -0.37409907625880967 0.07559285908707294
0.5333333333333332 -0.37972908538735817 0.000963873452372383
0.5600000000000005 -0.3636812815918232 -0.07406531614451523
0.5866666666666678 -0.3254643185778769 -0.1451553152010163
0.6133333333333333 -0.2661075561043947 -0.20800589499673183
0.6400000000000006 -0.1882700265977918 -0.2586397659915367
0.6666666666666679 -0.09621356177546703 -0.29367689659232726
0.6933333333333334 0.004375809880552089 -0.31058063552337517
0.7200000000000006 0.10671981663458587 -0.30785913275581284
0.7466666666666679 0.20341850701479505 -0.2852085555313602
0.7733333333333334 0.28702790013144736 -0.24358791893856122
0.8000000000000007 0.35069795110575225 -0.1852186870444883
0.826666666666668 0.3888123662011261 -0.11350554908398942
0.8533333333333335 0.39756550213322017 -0.032878046859901415
0.8800000000000008 0.37541206936260607 0.05144371430643978
0.9066666666666681 0.3233333292025506 0.133751906214323
0.9333333333333336 0.24487874842526255 0.20821012176939482
0.9600000000000009 0.1459635007075023 0.2692510185550355
0.9866666666666664 0.034427695322805534 0.31198884640063507
1.0133333333333336 -0.08061007012257952 0.3326179292562415
1.040000000000001 -0.18954756915223722 0.3287643540347405
1.0666666666666664 -0.2831656201201271 0.2997568644913366
1.0933333333333337 -0.35347878945031547 0.24678517438584915
1.120000000000001 -0.3944811923393883 0.17292012160382134
1.1466666666666665 -0.4027079690955242 0.0829802393094186
1.1733333333333338 -0.3775523515798347 -0.016757270462894627
1.200000000000001 -0.32130515986904096 -0.11898781458727897
1.2266666666666666 -0.2389147174425413 -0.21592403953432684
1.2533333333333339 -0.13749651849793826 -0.2999111412091801
1.2800000000000011 -0.025649434630901316 -0.36406006271856356
1.3066666666666666 0.08734472340102149 -0.40284083203960075
1.333333333333334 0.19235131406512335 -0.4125793863902331
1.3600000000000012 0.2811563798788473 -0.39180851643799364
1.3866666666666667 0.34710832955629684 -0.34143640392436575
1.413333333333334 0.3855719155198971 -0.2647132907159689
1.4400000000000013 0.39416332525671943 -0.16699625835522655
1.4666666666666668 0.37276166658902626 -0.05533178535083478
1.493333333333334 0.3233168413913506 0.06210646749232396
1.5200000000000014 0.2494938015059666 0.17667323973385615
1.5466666666666669 0.156206428419174 0.27994057547335505
1.5733333333333341 0.04909986615874116 0.36435755179896523
1.6000000000000014 -0.06596171818314013 0.42382226465051975
1.626666666666667 -0.18335310194674342 0.45411730061391375
1.6533333333333342 -0.2980554377370051 0.45317442434106514
1.6800000000000015 -0.40591177598698264 0.42115175092832385
1.706666666666667 -0.5037644025543707 0.36032527069112097
1.7333333333333343 -0.58948119868175 0.2748141939774554
1.7599999999999998 -0.6618887736182278 0.17017430269561062
1.786666666666667 -0.7206369595099613 0.05290385273093998
1.8133333333333344 -0.766022194896959 -0.07008833320574875
1.8399999999999999 -0.7987966496048021 -0.19200333410682213
1.8666666666666671 -0.8199863269729842 -0.3066173392518038
1.8933333333333344 -0.830735723255129 -0.4086572075354045
1.92 -0.8321899297803691 -0.49406399179741806
1.9466666666666672 -0.8254183007553745 -0.5601350050173434
1.9733333333333345 -0.8113778093736879 -0.6055473689924588
2.0 -0.7909095904294529 -0.6302764517999474
2.0266666666666673 -0.7647592686278558 -0.6354302709321201
2.0533333333333346 -0.7336105744178741 -0.6230253855101422
2.08 -0.6981222812211614 -0.5957310494243987
2.1066666666666674 -0.6589602943469212 -0.556606850054078
2.1333333333333346 -0.6168193016803957 -0.508855372761387
2.16 -0.5724312480811551 -0.4556063888951788
2.1866666666666674 -0.5265605579472953 -0.39974344014988533
2.2133333333333347 -0.47998815442378695 -0.34377816065806693
2.24 -0.43348770771590617 -0.28977275746461845
2.2666666666666675 -0.3877981404605587 -0.23930709693630803
2.293333333333335 -0.34359630823554105 -0.1934839836705122
2.3200000000000003 -0.3014731322467987 -0.15296448901727847
2.3466666666666676 -0.2619155055595507 -0.1180244990138784
2.373333333333335 -0.22529523667101037 -0.08862384473506567
2.4000000000000004 -0.19186530868182228 -0.06448025000693389
2.4266666666666676 -0.16176293455470955 -0.04514166582941111
2.453333333333333 -0.1350183331237919 -0.030052146541364587
2.4800000000000004 -0.11156783851712676 -0.018608068636742966
2.5066666666666677 -0.09126985368894387 -0.010203039492782248
2.533333333333333 -0.07392221563472062 -0.0042611699557812644
2.5600000000000005 -0.05927970233993851 -0.00025941581356041563
2.586666666666668 -0.047070634166136535 0.0022596025478971425
2.6133333333333333 -0.03701177154336726 0.0036825060625871077
2.6400000000000006 -0.02882096389734816 0.004325880633124901
2.666666666666668 -0.022227246860368758 0.0044410111542297365
2.6933333333333334 -0.01697830530646464 0.004221059046695202
2.7200000000000006 -0.012845409567085408 0.0038094275500462696
2.746666666666668 -0.009626083188345317 0.0033083829783447246
2.7733333333333334 -0.007144866352804624 0.002787295908684756
2.8000000000000007 -0.005252596405815058 0.002290110728717545
2.826666666666668 -0.00382463715851017 0.0018418377511106047
2.8533333333333335 -0.0027584581355470246 0.0014539932697869504
2.880000000000001 -0.001970904272177712 0.001128999900051791
2.906666666666668 -0.0013954187695744142 0.0008636144900380446
2.9333333333333336 -0.0009794000732787165 0.0006514844825226185
2.960000000000001 -0.0006817993971679312 0.0004849533591804381
2.986666666666668 -0.0004710054351623603 0.0003562459076547823
3.0133333333333336 -0.00032302123514140195 0.0002581662302752267
3.040000000000001 -0.0002199141231412916 0.0001844361613751096
3.066666666666668 -0.00014850969943791553 0.0001297895320575333
3.0933333333333337 -9.930049490934768e-5 8.991966220415268e-5
3.120000000000001 -6.554403489145845e-5 6.135559910080706e-5
3.1466666666666665 -4.252994714305924e-5 4.1319603241215656e-5
3.173333333333334 -2.6999028445501576e-5 2.759692689758457e-5
3.200000000000001 -1.669806823945288e-5 1.8431274454015894e-5
3.2266666666666666 -1.0053153639364611e-5 1.2446810796659273e-5
3.253333333333334 -5.942263156507801e-6 8.590477143246704e-6
3.280000000000001 -3.5464351734501134e-6 6.086017432302068e-6
3.3066666666666666 -2.258606998027296e-6 4.3922040869185546e-6
3.333333333333334 -1.6307681990840683e-6 3.16071559891837e-6
3.360000000000001 -1.3432155560294441e-6 2.192507365566972e-6
3.3866666666666667 -1.1838818321138518e-6 1.3942550731822748e-6
3.413333333333334 -1.0301870971492965e-6 7.379569939066453e-7
3.4400000000000013 -8.299060815121597e-7 2.2696099964395626e-7
3.466666666666667 -5.806298113765649e-7 -1.2919690027238102e-7
3.493333333333334 -3.092755182231869e-7 -3.3022577303842933e-7
3.5200000000000014 -5.379569637524078e-8 -3.914291811650119e-7
3.546666666666667 1.5100001779909056e-7 -3.428640782737014e-7
3.573333333333334 2.824071319391596e-7 -2.2390366829544597e-7
3.6000000000000014 3.3347892488369307e-7 -7.589827592909441e-8
3.626666666666667 3.1217486267355375e-7 6.477850895626456e-8
3.653333333333334 2.3740369622938288e-7 1.7173832940751698e-7
3.6800000000000015 1.335750154356893e-7 2.3091585464155054e-7
3.706666666666667 2.5141286602383245e-8 2.402660146383291e-7
3.7333333333333343 -6.776470038004901e-8 2.0740047256641332e-7
3.7600000000000016 -1.3198436251380462e-7 1.4603261920005639e-7
3.786666666666667 -1.6215228692773183e-7 7.214065801065664e-8
3.8133333333333344 -1.5993855366584758e-7 6.066388790124621e-10
3.8400000000000016 -1.3221200997054565e-7 -5.717434509358335e-8
3.866666666666667 -8.870543541309506e-8 -9.451528057867733e-8
3.8933333333333344 -3.9715745339456525e-8 -1.0954946861519262e-7
3.92 5.763088010770351e-9 -1.0447927851962149e-7
3.946666666666667 4.125126265401947e-8 -8.430045601154282e-8
3.9733333333333345 6.32865762897057e-8 -5.534978426014632e-8
4.0 7.130504337192067e-8 -2.396807240028604e-8
4.026666666666667 6.707037483786761e-8 4.5228022574707405e-9
4.053333333333335 5.3858194248026554e-8 2.6434073678852157e-8
4.08 3.55902715378305e-8 3.9914123713740076e-8
4.106666666666667 1.60728535016048e-8 4.4810070321669865e-8
4.133333333333335 -1.5632873822749332e-9 4.2294178414168014e-8
4.16 -1.5181669139654455e-8 3.437357368685381e-8
4.186666666666667 -2.3727671855487868e-8 2.3390113898878358e-8
4.213333333333335 -2.7129264936642726e-8 1.1591181207635804e-8
4.24 -2.6073396266568354e-8 8.199573642463302e-10
4.2666666666666675 -2.1723687193104245e-8 -7.657611644605963e-9
4.293333333333335 -1.5437075350789062e-8 -1.3197537171706424e-8
4.32 -8.522264386417916e-9 -1.572007975903829e-8
4.346666666666668 -2.0652281850513948e-9 -1.558437001537953e-8
4.373333333333335 3.169790407077315e-9 -1.3431123326656078e-8
4.4 6.768776483247982e-9 -1.0024449001676467e-8
4.426666666666668 8.639878057778034e-9 -6.1156780878644844e-9
4.453333333333335 8.947192289453628e-9 -2.3429485426346804e-9
4.48 8.025473544533799e-9 8.283511910324333e-10
4.506666666666668 6.292634922767741e-9 3.1263357761862346e-9
4.533333333333335 4.172838443969405e-9 4.4616693983844825e-9
4.5600000000000005 2.0380348386249288e-9 4.894601214209556e-9
4.586666666666668 1.7110907523853597e-10 4.590119204533395e-9
4.613333333333333 -1.2499305925744845e-9 3.770226644624022e-9
4.640000000000001 -2.1498595796636175e-9 2.6703734364895106e-9
4.666666666666668 -2.5409246495991725e-9 1.5048240305157415e-9
4.693333333333333 -2.499624972318066e-9 4.434333376283294e-10
4.720000000000001 -2.140713054559154e-9 -3.998859311319415e-10
4.746666666666668 -1.5926245652765461e-9 -9.68450823595368e-10
4.773333333333333 -9.771717611598686e-10 -1.2563196630922315e-9
4.800000000000001 -3.949787052027621e-10 -1.2968022044977381e-9
4.826666666666668 8.291685057130629e-11 -1.148561772754489e-9
4.8533333333333335 4.1762285148014683e-10 -8.815495988367719e-10
4.880000000000001 6.000018096000769e-10 -5.646203539632939e-10
4.906666666666668 6.446866829362242e-10 -2.561802634220392e-10
4.933333333333334 5.82176995985382e-10 1.452508244039298e-12
4.960000000000001 4.5064986267801025e-10 1.8404938526706852e-10
4.986666666666668 2.8871738611935124e-10 2.845027461516797e-10
5.013333333333334 1.2983148398938932e-10 3.0980332723741037e-10
5.040000000000001 -1.4071844901682282e-12 2.7682268842868173e-10
5.066666666666668 -9.103703181075367e-11 2.075882036874546e-10
5.093333333333334 -1.3569483818879329e-10 1.246326271672288e-10
5.120000000000001 -1.4089213270452943e-10 4.701046123376881e-11
5.146666666666668 -1.1799636796993548e-10 -1.2423844615123119e-11
5.173333333333334 -8.061014317708862e-11 -4.8054313757299684e-11
5.200000000000001 -4.118798244568363e-11 -6.08167273581609e-11
5.226666666666668 -8.643382941968668e-12 -5.619476163578673e-11
5.253333333333334 1.261988798349221e-11 -4.1635149231348034e-11
5.280000000000001 2.2302555896144927e-11 -2.418492465426979e-11
5.306666666666667 2.2895961632331706e-11 -8.935330340114036e-12
5.333333333333334 1.8073632664887054e-11 1.528540846125455e-12
5.360000000000001 1.13203103524737e-11 6.83147278804287e-12
5.386666666666667 5.115784463411935e-12 8.027478889243237e-12
5.413333333333334 7.1291039824215e-13 6.731261481677291e-12
5.440000000000001 -1.6616978473876803e-12 4.4530691900138185e-12
5.466666666666667 -2.411442127369425e-12 2.247346080124045e-12
5.493333333333334 -2.167485077120246e-12 6.388453167994821e-13
5.520000000000001 -1.5057845751381592e-12 -2.690687019303859e-13
5.546666666666667 -8.190766781461868e-13 -6.121326475214628e-13
5.573333333333334 -3.030095945883331e-13 -6.044524884599449e-13
5.600000000000001 -1.5105072125997937e-15 -4.413460281590698e-13
5.626666666666667 1.2588831851920408e-13 -2.554862590044143e-13
5.653333333333334 1.4463489915988794e-13 -1.1044954174022723e-13
5.6800000000000015 1.1232709379774682e-13 -2.131862114707139e-14
5.706666666666667 6.834441706393961e-14 1.957623078257128e-14
5.733333333333334 3.283240561372354e-14 2.877283449385552e-14
5.760000000000002 1.0537579727540512e-14 2.3964792150512138e-14
5.786666666666667 -1.14344036166974e-15 1.6264373949111763e-14
5.813333333333334 -5.379213972381656e-15 9.012759034618815e-15
5.840000000000002 -4.827891772140453e-15 3.2300214314815436e-15
5.866666666666667 -2.7504887975236478e-15 7.801879312581427e-17
5.893333333333334 -1.5043085709282773e-15 -7.744099991395926e-16
5.920000000000002 -8.432499975879196e-16 -7.666002748388024e-16
5.946666666666667 6.828209105773251e-17 -5.20540255959793e-16
5.9733333333333345 4.152904462574634e-16 -5.104867289881013e-17
6.000000000000002 -3.9432205272096126e-16 2.866947562291077e-16
6.026666666666667 -8.6615629825620535e-16 2.1046662779083348e-16
6.053333333333335 8.638668804629992e-18 -4.489414955310485e-17
6.08 7.124295213341916e-16 -1.915721490344682e-16
6.106666666666667 1.5507699815872215e-16 -2.7573262258495703e-16
6.133333333333335 -1.6051121963972143e-16 -4.623911522438861e-16
6.16 7.082844481121951e-16 -5.92939442239065e-16
6.186666666666667 1.0220845655182301e-15 -1.8926709607426338e-16
6.213333333333335 -1.9948485702490741e-16 7.061225261327464e-16
6.24 -9.497624565809219e-16 1.0808107800055703e-15
6.2666666666666675 1.0473252284780886e-16 2.885043598834345e-16
6.293333333333335 1.0381633504817298e-15 -6.428445565943882e-16
6.32 2.2966514493122704e-16 -3.925631190637905e-16
6.346666666666668 -6.44411785080504e-16 4.981044691144842e-16
6.373333333333335 1.9968531747034265e-16 5.173042816958303e-16
6.4 1.3144612103791935e-15 -2.7174557948265707e-16
6.426666666666668 6.699739540998382e-16 -4.663343572759866e-16
6.453333333333335 -6.721237048955979e-16 1.9302521599474083e-16
6.48 -4.372287872618534e-16 5.091917733229922e-16
6.506666666666668 9.55189226762894e-16 -1.0171716352989903e-17
6.533333333333335 1.239485154935327e-15 -4.509915257108288e-16
6.5600000000000005 1.2602525933866173e-16 -1.9797831616608933e-16
6.586666666666668 -4.3929014434976203e-16 1.5543425375345449e-16
6.613333333333335 3.759530966265901e-16 2.319005279272985e-17
6.640000000000001 1.0693508406390958e-15 -2.3369772456054674e-16
6.666666666666668 3.8180824738316167e-16 -1.22371214069909e-16
6.693333333333335 -7.55760572961674e-16 8.52876929084035e-17
6.720000000000001 -7.73512224874329e-16 -1.3195398236845653e-16
6.746666666666668 2.2698497807611255e-16 -6.428991565228508e-16
6.773333333333333 8.145503996072357e-16 -8.208742444084082e-16
6.800000000000001 3.32960523008404e-16 -3.961581367630753e-16
6.826666666666668 -3.6866216878695336e-16 2.224507776020837e-16
6.8533333333333335 -2.8197951412648035e-16 4.4096895622236343e-16
6.880000000000001 4.612450731494004e-16 1.1210274202315336e-16
6.906666666666668 9.412226588667016e-16 -3.317536556477782e-16
6.933333333333334 6.794289011976065e-16 -3.4168679679611556e-16
6.960000000000001 1.0111378284170803e-16 1.248288302262935e-16
6.986666666666668 -1.4248301916644132e-16 5.042583467319979e-16
7.013333333333334 3.000771883815965e-17 2.718545499189977e-16
7.040000000000001 1.6045157218966719e-16 -3.7879535433696414e-16
7.066666666666668 -7.323527586773924e-17 -7.248823393379588e-16
7.093333333333334 -4.383381678335846e-16 -4.137306701590232e-16
7.120000000000001 -4.708069742597069e-16 8.215573852677453e-17
7.146666666666668 -8.777682946669158e-17 8.014666001097409e-17
7.173333333333334 2.9243547483230834e-16 -4.244513216447985e-16
7.200000000000001 2.7051009378931576e-16 -7.626569011342258e-16
7.226666666666668 -2.4507625593689817e-17 -4.628876362869744e-16
7.253333333333334 -7.632739170058448e-17 1.5401533280200488e-16
7.280000000000001 3.827536552233311e-16 3.83963109338e-16
7.306666666666668 1.000478971416529e-15 -1.9872961110764343e-17
7.333333333333334 1.14853393772885e-15 -6.159098072542122e-16
7.360000000000001 6.025814655607658e-16 -8.462395901335969e-16
7.3866666666666685 -1.9261481215460084e-16 -6.428830885341067e-16
7.413333333333334 -5.469510729923176e-16 -3.822855185771517e-16
7.440000000000001 -1.7498417956810437e-16 -3.6206584614388494e-16
7.466666666666667 5.775176763333137e-16 -4.800032142944889e-16
7.493333333333334 1.093530501805061e-15 -4.3674323904094515e-16
7.520000000000001 1.0223956054683783e-15 -1.350467654650173e-16
7.546666666666667 5.00144237053818e-16 2.0793418008585503e-16
7.573333333333334 -6.028890510984368e-17 3.129487414077853e-16
7.600000000000001 -3.315236500654116e-16 1.2601482494495451e-16
7.626666666666667 -2.637444839642626e-16 -1.6067864458591801e-16
7.653333333333334 -2.2216910424143357e-17 -3.20639680829037e-16
7.6800000000000015 1.8797754239764475e-16 -2.8121635364943155e-16
7.706666666666667 2.437952087813437e-16 -1.2129747685247218e-16
7.733333333333334 1.2542796507690506e-16 5.642734676327533e-17
7.760000000000002 -1.1216280700656252e-16 2.1100343028176793e-16
7.786666666666667 -3.6742808887021243e-16 3.3516671349760965e-16
7.813333333333334 -5.205385386082007e-16 3.8768335395351177e-16
7.840000000000002 -4.807149633003826e-16 2.91595610826033e-16
7.866666666666667 -2.414867964246791e-16 1.2154412619170326e-17
7.893333333333334 9.813315740779833e-17 -3.6931028768552e-16
7.920000000000002 3.762205372432945e-16 -6.712981124414436e-16
7.946666666666667 4.559676181102088e-16 -7.188280936176924e-16
7.9733333333333345 3.0275307411199696e-16 -4.594499529169304e-16
