0.0 1.4432899320127035e-15 0.9973359329809867 0.9955538865214714 0.4743745677541391 0.09964449245994153
0.025 1.1583398873415973e-7 0.998151026541265 0.995823409419457 0.17790073514576277 0.09969872328366283
0.05 6.460195017821135e-7 1.0005968048281917 0.9966314557055331 -2.3094234271334018 0.09986141451473726
0.075 1.885610967256035e-6 1.0046747588893925 0.9979764590868391 5.517567683634745 0.10013256239090301
0.1 4.15215497007182e-6 1.010387367907693 0.9998558121735296 3.0207433309490654 0.100512160501809
0.125 7.790676131547158e-6 1.0177380903757198 1.002265871111235 2.549289517584409 0.10100019957936798
0.15 1.3070021398942089e-5 1.0267313517787116 1.0052019620370496 2.3625273177149864 0.10159666720469634
0.175 2.0508209088609952e-5 1.0373725288236162 1.0086583893319137 2.2679775320299385 0.10230154743218833
0.2 3.0390857169271257e-5 1.0496679302625473 1.0126284456362933 2.2140558584808723 0.10311482033147257
0.22500001 4.314015863260412e-5 1.0636247743680713 1.0171044235927649 2.1813855991169384 0.10403646144830586
0.25 5.929706281815328e-5 1.0792511631271429 1.0220776292765479 2.161167862612553 0.10506644118579649
0.275 7.92982420028121e-5 1.096556053228692 1.0275383972743026 2.1488788008943667 0.10620472410772341
0.3 0.00010347551603206995 1.1155492239274625 1.0334761073719883 2.141976558027011 0.10745126816612119
0.32500002 0.00013272325361446402 1.1362412418738022 1.0398792028145702 2.13893328741481 0.10880602385575469
0.35 0.00016693514289178868 1.1586434230053424 1.0467352101023768 2.138780055822325 0.11026893329852108
0.375 0.00020714995253268143 1.1827677916021284 1.0540307602923562 2.140874561670017 0.11183992926126902
0.4 0.0002561802502023536 1.2086270366114256 1.0617516117755326 2.1447746189718666 0.11351893411091182
0.425 0.00031243515236278885 1.2362344653531663 1.069882674505371 2.1501655109302273 0.11530585871111802
0.45000002 0.0003762165015858132 1.265603954720091 1.0784080356547168 2.1568164059691033 0.1172006012651654
0.475 0.0004517565955426406 1.296749899990588 1.0873109866817996 2.1645532234833613 0.11920304610988315
0.5 0.0005359502475732469 1.32968716137403 1.0965740517875793 2.173241197050828 0.12131306246578594
0.52500004 0.0006321181652794161 1.364431008411315 1.1061790177484123 2.1827733581081032 0.12353050314873427
0.55 0.0007472292146538662 1.4009970623552583 1.1161069651083522 2.1930627459050873 0.12585520324856916
0.575 0.0008700670692021184 1.4394012366563684 1.1263383007154952 2.204037026324037 0.1282869787802181
0.6 0.0010143246600542444 1.4796596756817402 1.1368527915855857 2.2156347052476404 0.13082562531282
0.625 0.001175671625615271 1.5217886917953887 1.147629600074715 2.2278024200125204 0.1334709165823768
0.65000004 0.0013565292168269405 1.5658047009292806 1.158647320340125 2.2404929737176054 0.13622260309334522
0.675 0.001560534750879361 1.6117241567755607 1.1698840160654207 2.253663890255629 0.13908041071450866
0.7 0.0017896610241719957 1.6595634837307982 1.181317259422536 2.267276340067355 0.14204403927428783
0.725 0.0020473460686232237 1.7093390087236804 1.1929241712386291 2.28129433358858 0.14511316116047004
0.75 0.0023306670133440566 1.7610668920587889 1.2046814623316555 2.295684110501503 0.14828741992917693
0.77500004 0.0026506054487778208 1.814763057409064 1.2165654759730358 2.310413673913561 0.15156642892762073
0.8 0.0030048845353131126 1.8704431210904986 1.2285522314309447 2.3254524329652613 0.15494976993500362
0.825 0.0033934527966388295 1.9281223207530058 1.2406174685418025 2.34077092738358 0.15843699182563553
0.85 0.003836413578440334 1.9878154436225657 1.2527366932526443 2.356340614515927 0.16202760925815998
0.875 0.004307942759618655 2.049536754429486 1.264885224070678 2.3721337044203072 0.16572110139444501
0.90000004 0.004849969476230953 2.113299923159462 1.2770382393513637 2.388123032189022 0.16951691065154006
0.925 0.005431692044427172 2.1791179527636535 1.2891708253502858 2.4042819593316103 0.17341444148977347
0.95 0.006053137131234343 2.247003106965502 1.3012580249593433 2.420584297977831 0.1774130592399028
0.975 0.006776860175647603 2.316966838302469 1.313274887041631 2.437004253108533 0.18151208897194587
1.0 0.007535436068224932 2.3890197165415246 1.3251965162752468 2.4535163790990318 0.1857108144081453
1.025 0.008370677349726519 2.463171357607754 1.3369981234112163 2.4700955476823974 0.1900084768822954
1.0500001 0.009292974153608968 2.539430353166579 1.3486550758457725 2.4867169250584666 0.19440427434746693
1.075 0.010287307033234327 2.617804201000121 1.3601429484037484 2.503355956354572 0.19889736043399506
1.1 0.011345437985113227 2.698299236318909 1.371437574225845 2.519988356010245 0.2034868435594279
1.125 0.012555758094962344 2.780920564150713 1.3825150956483836 2.5365901029514375 0.20817178609195613
1.15 0.013804713669259061 2.865671992948391 1.3933520149622247 2.553137439635426 0.21295120356875097
1.1750001 0.015137342559081723 2.9525559695587837 1.4039252449338002 2.5696068742332883 0.21782406397046067
1.2 0.016642049512102464 3.0415735156948154 1.4142121589690864 2.5859751853501267 0.2227892870530141
1.225 0.01821767792014939 3.132724166052581 1.4241906408001017 2.602219428797888 0.22784574373780025
1.25 0.019888797034791184 3.226005908214748 1.4338391335707905 2.6183169460243954 0.23299225556113204
1.275 0.02172511816637246 3.3214151244813515 1.4431366881992558 2.6342453738703218 0.2382275941838981
1.3000001 0.023671113722570136 3.418946535767938 1.4520630108917776 2.6499826553878014 0.2435504809621707
1.325 0.025757443659512713 3.518593147709307 1.4605985096842844 2.665507051497086 0.24895958657946643
1.35 0.027901416004882273 3.620346199106803 1.4687243398866332 2.6807971532980894 0.2544535307413248
1.375 0.030287521449508192 3.7241951128540456 1.4764224483065873 2.695831894880375 0.26003088193279367
1.4 0.032793424251445935 3.8301274494751976 1.4836756161300704 2.710590566504923 0.2656901572393552
1.4250001 0.035418474832493496 3.938128863405995 1.4904675003369723 2.725052828047718 0.2714298222317678
1.45 0.03823876129883641 4.048183062145847 1.4967826735330239 2.739198722613087 0.277248290915265
1.475 0.04114364421593508 4.1602717684059245 1.502606662080638 2.753008690238403 0.28314392574350133
1.5 0.044224835452319144 4.274374685374568 1.5079259824146147 2.766463581622133 0.2891150376976088
1.525 0.04753213125091682 4.390469465216501 1.5127281754313862 2.7795446718179426 0.2951598864306193
1.5500001 0.051035335231886414 4.508531680919122 1.5170018388446196 2.792233673842863 0.30127668047755934
1.575 0.054560148005766806 4.62853480159345 1.520736657403011 2.8045127521546993 0.30746357753138737
1.6 0.05828888553988398 4.7504501713315666 1.523923430871929 2.816364535960085 0.3137186847849474
1.625 0.06228280347277826 4.874246991718285 1.526554099683689 2.827772132314934 0.32004005933906715
1.65 0.06643422131672105 4.999892308085922 1.5286217681676058 2.8387191389871282 0.32642570867679843
1.6750001 0.07069579815347604 5.127350999597037 1.5301207252762856 2.8491896570498088 0.33287359120386906
1.7 0.07504308298821338 5.256585773231119 1.5310464627299023 2.859168303177727 0.33938161685523116
1.725 0.07964404643273448 5.387557161744335 1.5313956905070192 2.8686402216209177 0.3459476477675893
1.75 0.08454723510304285 5.520223525664023 1.5311663496169066 2.8775910958303776 0.3525694990177414
1.775 0.08958947368232828 5.654541059369605 1.5303576220951483 2.8860071597129218 0.35924493942640434
1.8000001 0.09474621061342292 5.7904638013050915 1.52896993817138 2.8938752084916333 0.3659716924272267
1.825 0.09996273780799192 5.927943648357921 1.527004980565608 2.9011826091497355 0.372747437000546
1.85 0.10535982926415033 6.066930374429261 1.5244656858771561 2.907917310438806 0.3795698086713517
1.875 0.11095702158867027 6.2073716532121725 1.5213562430379202 2.9140678524277246 0.38643640057085565
1.9 0.11680492525461195 6.349213085184008 1.5176820888103568 2.91962337557387 0.3933447645610119
1.9250001 0.12283819479526514 6.492398228807358 1.5134499003180246 2.9245736292971567 0.4002924124210908
1.95 0.1289570885828284 6.636868635926935 1.508667584605879 2.9289089800360886 0.4072768170955381
1.975 0.13514644979311174 6.782563891334201 1.5033442652349045 2.932620418770777 0.4142954140019379
2.0 0.1414467200662871 6.929421656466849 1.4974902659256546 2.9356995679895403 0.4213456023981639
2.025 0.14780543062089968 7.0773777171933645 1.4911170912725005 2.938138688088124 0.42842474680731935
2.05 0.15441459656548673 7.226366035626777 1.4842374045603566 2.9399306831786154 0.43553017849926196
2.075 0.161258875767038 7.376318805897124 1.47686500272345 2.9410691062980097 0.44265919702716466
2.1000001 0.1681981697846473 7.527166513804264 1.4690147884948344 2.941548163996341 0.4498090718176323
2.125 0.1751911616447489 7.678838000259882 1.4607027398034136 2.9413627202942965 0.45697704381265325
2.15 0.18229363932040854 7.831260528417013 1.4519458764848234 2.94050829999373 0.4641603271616196
2.175 0.18940438970924822 7.984359854375989 1.4427622243789182 2.9389810913325136 0.47135611096149865
2.2 0.19653714515048293 8.138060301344954 1.4331707768969397 2.936777947968334 0.47856156104321756
2.2250001 0.20381889779205198 8.292284837120622 1.4231914541476958 2.933896390288198 0.48577382180200984
2.25 0.2113629871657785 8.446955154750643 1.412845059720446 2.930334606027647 0.49299001806967807
2.275 0.21892592812717482 8.601991756223535 1.4021532352298827 2.926091450198493 0.5002072570263397
2.3 0.22652572665860815 8.757314039027051 1.3911384127348023 2.921166444317578 0.5074226301492789
2.325 0.23415834152607684 8.912840385405847 1.379823765149822 2.915559774930816 0.5146332151964158
2.3500001 0.2418045559835228 9.068488254140595 1.3682331547753557 2.9092722914341156 0.5218360782217609
2.375 0.24942523712951148 9.224174274666321 1.3563910800769219 2.902305503184102 0.5290282756202976
2.4 0.25707095621955256 9.379814343335218 1.3443226208511505 2.8946615759056815 0.5362068561994231
2.425 0.2647919367045515 9.535323721626884 1.3320533819201408 2.8863433273948664 0.5433688632741781
2.45 0.2725182934951159 9.690617136104224 1.3196094355012011 2.8773542225199575 0.5505113367835293
2.4750001 0.28034671250373855 9.8456088799027 1.3070172624030092 2.8676983675300134 0.5576313154246395
2.5 0.2883582660379812 10.000212915539768 1.29430369220267 2.857380503675635 0.5647258388021925
2.525 0.29646940180279113 10.154342978829696 1.2814958425618974 2.8464060001494675 0.5717919495899435
2.55 0.30456283921419025 10.307912683678424 1.2686210578426935 2.8347808463603745 0.5788266957012457
2.575 0.312559225939954 10.460835627539986 1.2557068471854653 2.8225116435484567 0.5858271324657769
2.6000001 0.3205021354790879 10.613025497305413 1.2427808222140386 2.8096055957586126 0.5927903248092367
2.625 0.3284239300754441 10.764396175400952 1.2298706345327184 2.7960705001846256 0.5997133494331087
2.65 0.3362727478334817 10.914861845868337 1.2170039131817996 2.781914736899852 0.6065932969914513
2.675 0.3440610817325045 11.064337100200824 1.2042082022172227 2.7671472579930265 0.6134272742616809
2.7 0.3517590886050186 11.212737042711252 1.1915108985799883 2.751777576127685 0.6202124063064469
2.7250001 0.3594714432556422 11.35997739520912 1.178939190419493 2.7358157525424596 0.6269458386236515
2.75 0.36713583062737754 11.505974600765489 1.1665199960336805 2.719272384516387 0.6336247392817027
2.775 0.3748399868258576 11.650645926351272 1.1542799035865257 2.7021585923175517 0.6402463010373031
2.8 0.3826821390051557 11.79390956413337 1.142245111760575 2.684486005658602 0.6468077434328836
2.825 0.39048155558627207 11.935684731221032 1.1304413714998793 2.666266749682526 0.6533063148710682
2.8500001 0.3981625700167206 12.07589176766101 1.1188939289939988 2.647513430500738 0.6597392946636319
2.875 0.40564109017060557 12.214452232481236 1.1076274700505775 2.6282391203087356 0.6661039950523135
2.9 0.4130757725170857 12.351288997595068 1.0966660659990812 2.6084573421014055 0.6723977631992147
2.925 0.42037322881730366 12.48632633937837 1.0860331212635306 2.5881820540158826 0.6786179831442909
2.95 0.42754782501516964 12.619490027747887 1.0757513227367619 2.5674276333215897 0.6847620777279824
2.9750001 0.43458571944419777 12.75070741256585 1.065842591083027 2.5462088600862285 0.6908275104765758
3.0 0.441785743992658 12.879907507215824 1.0563280340901489 2.524540900538242 0.6968117874486033
3.025 0.4491495654990043 13.007021069193424 1.0472279021855007 2.5024392901527306 0.7027124590401777
3.05 0.45638522186178787 13.13198067757217 1.0385615462242854 2.4799199164816454 0.7085271217476994
3.075 0.4634581875306576 13.254720807209708 1.0303473776510101 2.45699900175241 0.7142534198862411
3.1000001 0.4704411813254398 13.375177899567847 1.02260283112897 2.433693085258146 0.7198890472620234
3.125 0.4774816999701329 13.493290430037323 1.0153443297242737 2.4100190055583024 0.7254317487978551
3.15 0.48446224717699704 13.608998971657009 1.008587252724178 2.385993882514496 0.7308793221100097
3.175 0.4912656162235023 13.722246255137648 1.0023459061621003 2.3616350991775428 0.7362296190356634
3.2 0.4979808110046745 13.83297722510465 0.9966334961134365 2.3369602835471275 0.7414805471098252
3.2250001 0.5045518252875594 13.941139092483112 0.991462104819003 2.3119872902223 0.7466300709907607
3.25 0.5110584494573667 14.046681382968078 0.9868426696851456 2.2867341819574496 0.7516762138335095
3.275 0.5173477421439406 14.149555981518432 0.9827849652014139 2.261219211142416 0.7566170586104649
3.3 0.5233804019951258 14.249717172838874 0.9792975878090986 2.235460801218788 0.7614507493788988
3.325 0.5291677698510835 14.347121677810883 0.976387943746148 2.20947752804871 0.7661754924947558
3.3500001 0.5348575905122464 14.441728685854045 0.9740622398858405 2.18328810124515 0.7707895577726536
3.375 0.5404398014802516 14.533499883201625 0.9723254775793101 2.156911345477794 0.7752912795917869
3.4 0.5459014061239594 14.622399477087654 0.971181449503969 2.1303661817631214 0.7796790579477043
3.425 0.5511954269815629 14.708394215852755 0.9706327395123802 2.103671608746282 0.7839513594500421
3.45 0.5564204816275765 14.791453404981516 0.9706807254688619 2.0768466839850435 0.7881067182662239
3.4750001 0.5616992483465558 14.871548919098434 0.9713255850533604 2.0499105052387345 0.792143737011451
3.5 0.566887471405842 14.948655209952786 0.9725663045054586 2.022882191770227 0.7960610875851466
3.525 0.5719921511617894 15.022749310434687 0.9744006902736189 1.9957808656646157 0.7998575119542208
3.55 0.5770124727463177 15.093810834673056 0.976825383528407 1.9686256331660186 0.8035318228836302
3.575 0.5820802277665973 15.16182197427304 0.9798358774915834 1.9414355660360567 0.8070829046147034
3.6000001 0.587223845606516 15.22676749075373 0.9834265375259457 1.9142296829371217 0.8105097134915195
3.625 0.5922565314690059 15.288634704265307 0.9875906239252321 1.8870269308364158 0.8138112785362599
3.65 0.5972715950407853 15.347413478658787 0.9923203173360545 1.8598461664358554 0.8169867019737924
3.675 0.6021310587853369 15.403096202997908 0.9976067467391272 1.8327061376230567 0.8200351597063277
3.7 0.606669434647078 15.455677769601758 1.0034400199097377 1.8056254649451977 0.8229559017385731
3.7250001 0.6110639364355034 15.50515554872004 1.009809256273242 1.778622623101985 0.8257482525542718
3.75 0.6154119257637847 15.551529359940522 1.01670262206469 1.7517159224570589 0.8284116114445553
3.775 0.6195573764834875 15.59480144043883 1.0241073676970032 1.7249234905666135 0.8309454527888436
3.8 0.6236482422564399 15.634976410185752 1.0320098672370552 1.6982632537213207 0.8333493262890128
3.825 0.6275121095414061 15.672061234226547 1.0403956598837087 1.6717529185020885 0.8356228571572635
3.8500001 0.631156198316002 15.706065182158534 1.0492494933374499 1.6454099533466733 0.8377657462584814
3.875 0.6346708176969752 15.736999784929544 1.0585553689466283 1.6192515701284098 0.8397777702074724
3.9 0.6380937060899671 15.764878789090487 1.068296588510703 1.5932947057443951 0.8416587814217524
3.925 0.6413891116192509 15.789718108634668 1.0784558026168134 1.5675560037151894 0.843408708130343
3.95 0.6446993853841274 15.81153577455821 1.0890150603818722 1.5420517957986946 0.8450275543388958
3.9750001 0.6477489968727856 15.830351882282942 1.0999558604681892 1.5167980836212773 0.8465153997516188
4.0 0.6507093963544406 15.846188537085293 1.1112592032371802 1.4918105203283056 0.8478723996504067
4.025 0.6533722302426731 15.859069797671992 1.122905643901416 1.4671043922638873 0.8490987847312281
4.05 0.6559357502785389 15.869021618050498 1.1348753465324275 1.4426946006881938 0.8501948608980368
4.0750003 0.6584041152375862 15.876071787844074 1.1471481387774511 1.4185956435412688 0.8511610090143635
4.1 0.6608650822844622 15.88024987119855 1.1597035671354348 1.3948215972698381 0.851997684612454
4.125 0.6632721546727768 15.881587144435585 1.1725209526392306 1.371386098732474 0.8527054175600415
4.15 0.6654803806245722 15.880116532600448 1.1855794467874667 1.3483023272066623 0.85328481168433
4.175 0.6676050373366617 15.875872545062348 1.1988580875668438 1.3255829865199922 0.8537365443531253
4.2000003 0.6695964784375539 15.868891210319006 1.2123358554021861 1.3032402873375728 0.8540613660125655
4.225 0.671409081917521 15.859210010159025 1.2259917288686646 1.2812859296417618 0.8542600996808517
4.25 0.6731333888269163 15.846867813340188 1.2398047399972654 1.259731085442461 0.8543336403974358
4.275 0.6749607894788539 15.831904808934429 1.2537540290021112 1.2385863817698337 0.8542829546266348
4.3 0.6767095203847656 15.814362439496175 1.2678188982547858 1.2178618840001463 0.8541090796147649
4.3250003 0.6782044262527763 15.794283334204936 1.2819788653279967 1.197567079579634 0.8538131226994534
4.35 0.6796384316751772 15.771711242136213 1.2962137149291237 1.1777108622131631 0.853396260569862
4.375 0.6808838884771563 15.746690965808252 1.3105035495411683 1.1583015165970343 0.8528597384760712
4.4 0.6820323398371178 15.719268295155173 1.3248288385878264 1.139346703777031 0.8522048693859919
4.425 0.6830672485489935 15.689489942067937 1.3391704659379147 1.1208534472265403 0.8514330330876332
4.4500003 0.6839537377796758 15.657403475647689 1.3535097755659242 1.1028281197408436 0.8505456752347986
4.475 0.6847001276144358 15.623057258308066 1.3678286151847374 1.0852764312518612 0.8495443063338366
4.5 0.6853855588402096 15.586500382858908 1.382109377671217 1.0682034176745658 0.8484305006691057
4.525 0.6859244607818445 15.547782610699011 1.3963350401082384 1.0516134308983285 0.8472058951647139
4.55 0.6864406216214533 15.50695431124065 1.4104892002734122 1.0355101300392362 0.8458721881801807
4.5750003 0.6868766124911816 15.464066402681153 1.4245561104111433 1.0198964740745784 0.8444311382376192
4.6 0.6869305261020068 15.419170294228186 1.438520708134894 1.0047747159771458 0.8428845626781125
4.625 0.6869961084818895 15.372317829880432 1.4523686443174761 0.9901463984697233 0.8412343362452637
4.65 0.6868741581028048 15.323561233855404 1.4660863078386905 0.9760123515142969 0.8394823895939669
4.675 0.6865513618543942 15.272953057747012 1.479660847076268 0.9623726916507788 0.837630707722834
4.7000003 0.6862961486252122 15.220546129486559 1.4930801880394096 0.9492268232910434 0.8356813283289204
4.725 0.6859446899129945 15.166393504172657 1.5063330490636935 0.9365734420690693 0.8336363400839668
4.75 0.6854444064299727 15.110548416820926 1.5194089520029799 0.9244105403422526 0.831497880831479
4.775 0.6848768649083121 15.053064237080534 1.5322982298743084 0.9127354149254892 0.8292681357048001
4.8 0.6841371492040526 14.993994425949381 1.5449920309312273 0.9015446771337949 0.8269493351665356
4.8250003 0.6834042011443279 14.93339249450883 1.5574823191624139 0.8908342651965357 0.8245437529702213
4.85 0.6825934985842603 14.871311964692545 1.5697618712318795 0.8805994590958472 0.8220537040457758
4.875 0.681905998821814 14.80780633208984 1.5818242698992353 0.8708348978667539 0.81948154231068
4.9 0.6811492091684235 14.742929030775166 1.593663893978597 0.861534599388989 0.8168296584093984
4.925 0.6803015098801369 14.676733400143755 1.6052759049142797 0.8526919826818362 0.814100477383944
4.9500003 0.6792156118704598 14.60927265372709 1.6166562300711713 0.8442998927054199 0.8112964562791721
4.975 0.6781712872011105 14.540599849947734 1.6278015428567048 0.8363506276546865 0.8084200816866197
5.0 0.6770502033537924 14.47076786477028 1.6387092398076972 0.8288359687209625 0.8054738672313947
5.025 0.67576150666113 14.399829366188694 1.6493774147925238 0.8217472122844052 0.8024603510066518
5.05 0.6744793664430475 14.327836790492805 1.6598048304936426 0.8150752044830849 0.7993820929610436
5.0750003 0.6731108908274391 14.254842320238085 1.6699908873487457 0.8088103780992411 0.7962416722442669
5.1 0.6717128357587642 14.180897863847509 1.67993559014197 0.8029427916836449 0.7930416845167158
5.125 0.6701222109177976 14.106055036759681 1.6896395124447696 0.7974621708318582 0.7897847392289321
5.15 0.6686041964447392 14.030365144035514 1.6991037591180884 0.7923579515151234 0.7864734568770477
5.175 0.6670595278366463 13.953879164334982 1.708329927091511 0.7876193253531768 0.7831104662405798
5.2000003 0.6657817996147347 13.876647735163695 1.7173200646435935 0.7832352867122394 0.7796984016087758
5.225 0.664751770979424 13.798721139291679 1.7260766294091454 0.7791946814970819 0.7762399000019169
5.25 0.6635664733854764 13.72014929224503 1.734602445344313 0.7754862574966552 0.7727375983941545
5.275 0.6622160749686342 13.640981730765315 1.7429006588788674 0.7720987161367782 0.7691941309440946
5.3 0.6607592000083022 13.561267602131087 1.7509746944872588 0.7690207654837289 0.7656121262394269
5.3250003 0.6595100438023769 13.481055654241432 1.7588282099060142 0.7662411743304943 0.7619942045619705
5.35 0.6583744141962449 13.400394226351962 1.7664650512240825 0.7637488271982977 0.758342975178993
5.375 0.6572667097309152 13.31933124036386 1.7738892080670075 0.7615327800685529 0.754661033666869
5.4 0.656079351169256 13.237914192559776 1.7811047690914261 0.7595823166650457 0.7509509592726012
5.425 0.6549316519320347 13.156190145688807 1.7881158780001893 0.7578870050877506 0.7472153123188254
5.4500003 0.6539132387170448 13.074205721302201 1.7949266902802707 0.7564367546044463 0.7434566316574905
5.475 0.6528300870219469 12.992007092241193 1.8015413308589652 0.755221872395151 0.7396774321770605
5.5 0.6516049266163861 12.909639975188389 1.8079638528639215 0.7542331200396333 0.7358802023680848
5.525 0.650608135208354 12.827149623190719 1.8141981976637078 0.7534617695370723 0.7320674019513755
5.55 0.6496977177304757 12.744580818072604 1.8202481563559176 0.7528996586374148 0.7282414595730693
5.5750003 0.648688404795166 12.661977862652414 1.826117332858713 0.7525392452680992 0.7244047705700284
5.6 0.6476792962704632 12.579384572692867 1.8318091087517194 0.752373660827935 0.7205596948094053
5.625 0.6467324583205387 12.496844268508326 1.8373266100000385 0.7523967621249373 0.7167085546052078
5.65 0.6458503030870412 12.414399766163095 1.8426726756852247 0.7526031817292014 0.7128536327147627
5.675 0.6451057666162872 12.332093368199773 1.8478498288542422 0.7529883765115569 0.7089971704175817
5.7000003 0.6444443696591612 12.249966853840276 1.8528602495870035 0.7535486741366357 0.7051413656787889
5.725 0.6437945808771137 12.16806146860622 1.8577057503700312 0.7542813172844371 0.7012883713988235
5.75 0.6431117302365078 12.086417913315122 1.8623877538543399 0.7551845053671608 0.6974402937511432
5.775 0.6426448280260645 12.005076332407652 1.8669072730621048 0.7562574335183666 0.6935991906089211
5.8 0.642527090673378 11.924076301574035 1.8712648940964753 0.7575003286273159 0.6897670700618557
5.8250003 0.6423138632820625 11.84345681464618 1.8754607613976517 0.7589144822004432 0.6859458890235817
5.85 0.6423017489951439 11.763256269733079 1.8794945655766115 0.7605022798320958 0.682137551930126
5.875 0.6424191368491856 11.683512454577762 1.883365533848684 0.7622672270762535 0.6783439095294341
5.9 0.6427268254017356 11.60426253112376 1.8870724230767817 0.7642139715153323 0.6745667577618549
5.925 0.6429600547706055 11.525543019281244 1.890613515425716 0.7663483208304187 0.6708078367311635
5.9500003 0.6432038857084681 11.447389779888939 1.893986616618088 0.7686772566887243 0.6670688297654513
5.975 0.643574459451143 11.369837996874761 1.8971890567733691 0.7712089442711986 0.6633513625671119
6.0 0.6440104514241884 11.292922158620827 1.9002176938023203 0.7739527372788316 0.6596570024508125
6.025 0.6444698618826618 11.21667603854552 1.9030689193203116 0.7769191782651845 0.6559872576682633
6.05 0.644758155162636 11.141132674919518 1.9057386670349767 0.7801199941614164 0.6523435768184014
6.0750003 0.645084134607084 11.06632434993635 1.9082224235550829 0.7835680868726245 0.6487273483413623
6.1 0.6452490983891804 10.992282568066608 1.910515241560434 0.7872775188423995 0.6451399000946856
6.125 0.6454609660374308 10.919038033723368 1.9126117552648951 0.7912634935030252 0.6415824990097372
6.15 0.6458285333759644 10.846620628279561 1.9145061980989206 0.7955423305434708 0.6380563508267045
6.175 0.6461873564631327 10.775059386472863 1.9161924225298324 0.8001314359545038 0.6345625999058543
6.2000003 0.6463929726984244 10.704382472246715 1.9176639219334712 0.805049266827017 0.6311023291131667
6.225 0.6466590439436041 10.634617154073753 1.9189138544247595 0.8103152909067213 0.6276765597780352
6.25 0.6470434003474039 10.565789779817809 1.9199350685494359 0.8159499409284404 0.6242862517209522
6.275 0.6473319479268757 10.497925751189516 1.9207201307340205 0.821974563783655 0.620932303348789
6.3 0.6476885558989399 10.431049497857522 1.921261354387211 0.8284113645955816 0.6176155518154254
6.3250003 0.6478729109181519 10.365184451282268 1.921550830541141 0.8352833458049086 0.6143367732455015
6.35 0.6479700843964122 10.300353018337713 1.9215804599176574 0.8426142413977418 0.6110966830188186
6.375 0.6482015457414478 10.236576554797319 1.9213419863008603 0.8504284464307812 0.6078959361132641
6.4 0.6483054322889068 10.173875338757275 1.9208270310942857 0.8587509420386046 0.6047351275038335
6.425 0.6484095055057185 10.112268544079027 1.9200271289387407 0.8676072161352008 0.6016147926156472
6.4500003 0.6483120414723361 10.051774213928484 1.9189337642635207 0.8770231800497337 0.5985354078284727
6.475 0.648219446318025 9.992409234504427 1.917538408642361 0.8870250813578506 0.5954973910309418
6.5 0.648282253126008 9.934189309037167 1.9158325588240914 0.8976394132038018 0.5925011022220172
6.525 0.648473451778525 9.87712893215225 1.9138077753048084 0.9088928204278488 0.5895468441577852
6.55 0.6485024215423804 9.821241364690609 1.9114557213099368 0.9208120028375395 0.5866348630415679
6.5750003 0.6483488560258115 9.766538609081165 1.908768202051459 0.9334236159877308 0.5837653492554127
6.6 0.6481759144945121 9.71303138536167 1.9057372041260343 0.9467541698506999 0.5809384381310424
6.625 0.6480146948264436 9.660729107948347 1.9023549349201805 0.9608299257795075 0.5781542107585953
6.65 0.6479513068832945 9.609639863252257 1.8986138618882544 0.9756767921841665 0.5754126948313427
